50 22 304 28 1
1 8 1 0 1 1 1 0 0 1 0 0 1 1 1 0 1 1 0 1 0 1 0 1 0 1 1 0 1 0 1 1 0 1 0 0 0 1 1 1 1 1 0 1 1 0 1 1 1 0 0 1 0 0 0 0 1 0 0 0 0 1 0 0 1 1 0 0 0 0 0 1 0 0 0 0 1 0 1 1 1 1 1 0 1 0 0 0 1 0 0 0 0 0 1 1 1 1 1 1 0 0 0 1 1 0 0 1 1 1 0 1 1 0 1 1 1 1 0 1 1 1 0 0 0 0 1 1 0 1 1 0 0 1 0 1 0 1 0 1 1 0 1 0 1 0 0 0 0 0 0 0 0 1 1 0 0 0 1 0 0 0 0 0 0 0 0 0 0 0 0 1 1 0 1 0 0 1 0 0 0 0 0 1 0 1 1 1 1 0 1 0 1 1 1 1 1 0 1 1 1 1 0 1 1 0 0 1 0 1 1 0 0 1 0 0 0 0 0 0 1 0 0 1 0 1 0 0 0 1 0 1 1 0 1 0 1 1 0 1 0 1 0 0 0 0 1 0 0 0 1 1 1 0 1 0 1 0 0 1 0 1 0 0 1 0 1 1 0 1 1 0 1 1 1 0 1 0 1 0 1 0 0 0 0 1 0 0 0 0 1 1 0 1 1 0 0 0 0 0 1 0 1 0 1 
2 17 0 0 1 0 0 1 0 0 0 0 1 0 0 1 0 1 0 1 1 0 1 0 1 1 1 1 1 1 1 0 1 0 1 1 1 0 0 0 1 0 1 0 0 0 0 1 1 0 1 0 1 1 0 1 1 1 1 0 1 0 1 1 1 1 1 0 0 0 1 0 0 1 0 0 1 0 0 1 0 1 0 0 1 1 0 0 0 1 0 1 0 0 1 1 0 0 0 1 1 1 0 0 0 0 0 1 0 0 0 1 1 1 1 1 0 0 0 1 1 0 1 0 0 1 0 1 0 0 1 1 1 0 1 1 0 0 1 0 1 1 1 0 0 0 1 1 1 1 1 0 1 1 1 1 1 1 0 1 1 0 1 1 0 0 1 1 0 0 0 0 0 1 1 1 1 0 0 1 1 0 0 0 0 1 0 0 1 1 1 1 0 0 0 0 0 0 1 1 0 0 1 0 1 1 0 0 1 1 0 1 1 1 0 0 0 1 1 1 0 0 1 0 0 0 0 1 1 1 1 0 1 0 1 0 1 1 1 0 0 0 1 1 1 0 0 0 1 0 0 0 0 1 1 0 0 0 0 0 1 0 0 0 1 1 0 0 1 1 1 0 0 1 1 0 0 1 0 1 0 0 1 0 0 0 1 0 1 1 0 1 0 0 0 0 0 1 1 1 1 0 0 0 0 
3 3 0 1 0 0 1 1 0 0 0 0 0 0 0 0 0 0 0 0 0 1 1 0 0 1 0 1 0 0 0 1 0 1 0 1 0 1 0 1 1 1 0 0 0 1 0 0 0 1 0 0 0 1 1 1 1 1 1 1 1 0 1 1 1 0 1 0 1 1 0 0 0 1 0 1 0 1 0 1 1 1 0 1 0 1 1 1 1 1 0 1 0 1 1 1 1 0 0 1 0 0 0 1 1 0 0 0 0 1 0 0 1 1 0 0 1 0 1 1 1 1 0 0 0 1 1 0 0 1 0 1 1 0 1 0 1 0 0 1 1 0 1 0 0 0 0 0 1 0 1 1 0 0 1 0 1 0 0 0 1 1 1 1 1 1 0 0 0 1 1 1 1 1 0 1 0 1 0 1 0 1 1 1 1 1 1 1 1 0 1 1 0 0 0 1 0 1 0 1 0 0 1 1 1 1 0 1 0 0 0 1 1 1 0 0 1 0 1 1 0 0 1 0 1 1 0 0 0 1 1 0 1 0 0 1 0 0 1 0 0 1 1 1 0 0 1 0 1 0 1 0 0 0 0 0 0 0 1 1 1 0 0 0 0 1 1 0 0 1 1 1 0 0 0 0 0 0 0 1 0 0 1 1 0 1 1 1 1 0 0 1 1 0 1 0 0 0 0 1 1 0 1 0 0 
4 10 1 0 1 0 1 0 1 0 0 1 1 0 1 0 0 0 1 1 1 0 0 1 0 1 0 0 1 1 1 1 1 0 1 1 1 0 1 0 1 1 0 0 0 1 1 1 1 1 1 1 0 0 1 0 0 1 1 1 0 1 0 1 0 1 1 1 0 1 0 0 0 0 1 1 0 0 1 0 0 0 1 0 1 1 1 1 1 1 1 1 0 1 1 0 1 0 1 1 1 1 0 0 1 0 1 1 1 1 1 1 0 0 0 1 1 1 0 0 0 1 0 0 1 1 1 1 1 1 1 1 1 1 1 1 1 0 1 0 0 0 0 0 0 0 1 1 0 0 0 1 0 1 1 1 1 0 0 1 0 0 1 1 1 1 1 1 0 0 1 0 1 1 0 1 1 1 0 0 0 1 1 0 0 0 1 1 0 0 0 0 1 0 0 1 1 1 0 1 1 0 0 1 1 0 0 1 0 1 0 0 1 1 1 0 0 0 0 0 0 0 1 0 1 0 0 0 0 0 1 0 0 0 1 1 1 1 1 1 0 1 0 0 1 1 0 1 1 1 1 0 1 1 0 1 0 0 0 1 0 0 0 0 0 0 0 1 1 1 0 1 1 0 1 0 0 0 0 0 0 1 0 1 1 0 0 1 0 0 0 1 0 1 1 0 1 0 0 1 1 1 1 0 0 
5 11 0 0 0 0 1 0 0 0 0 1 1 0 0 1 0 0 0 1 1 0 1 0 0 1 0 0 0 1 0 1 1 0 0 0 0 1 1 1 0 1 1 0 0 0 1 0 0 0 0 0 1 0 0 0 0 0 1 1 1 0 1 1 0 1 1 1 1 0 0 0 1 0 1 0 0 0 0 1 0 1 1 0 1 1 1 1 0 0 1 1 1 1 1 0 1 1 1 1 0 0 1 1 1 0 1 1 0 1 0 1 1 0 0 1 0 0 1 1 1 1 1 1 0 0 1 1 0 0 0 0 0 1 1 0 1 1 1 1 1 1 1 1 0 1 0 1 0 1 0 0 0 1 1 0 0 1 0 1 1 0 1 0 0 1 1 1 1 1 1 0 1 1 1 0 1 1 0 1 1 1 1 1 1 1 0 0 1 0 0 1 0 1 1 0 0 0 1 1 1 1 0 1 1 0 1 1 1 0 1 1 0 0 1 0 0 1 0 1 0 1 0 1 0 1 1 1 1 0 0 0 0 1 1 1 0 1 0 1 0 1 0 1 1 0 0 0 0 1 0 1 0 0 0 0 1 0 0 0 1 0 0 1 1 1 1 0 1 0 1 0 1 1 0 1 0 1 1 1 1 1 0 0 1 0 0 1 0 1 1 1 1 1 1 0 1 1 0 0 1 1 0 1 0 
6 4 0 0 0 1 0 0 0 0 0 1 0 1 0 0 1 1 0 0 1 1 1 1 1 0 1 0 0 0 1 1 1 0 1 0 1 1 0 0 0 0 1 0 0 0 0 0 1 0 1 0 0 0 0 1 1 1 0 0 0 1 0 1 0 0 0 0 1 0 1 1 1 0 0 0 1 0 1 1 0 1 0 0 1 0 1 0 1 1 1 0 1 1 1 1 0 0 1 0 0 0 0 1 1 1 0 0 0 0 0 0 0 0 1 0 0 1 1 0 0 1 0 0 1 1 1 1 0 1 0 0 0 0 0 1 1 1 1 0 1 1 1 1 0 1 0 0 1 0 1 0 0 1 0 1 0 1 0 0 0 0 1 1 1 0 0 0 1 0 0 0 0 0 1 0 1 1 1 0 0 0 1 1 1 1 1 1 0 0 1 0 1 1 0 0 1 1 0 1 0 1 0 1 0 0 1 0 0 1 0 1 0 0 0 0 0 0 0 0 0 1 1 1 1 0 1 1 1 0 1 0 0 1 1 0 0 0 1 1 1 0 0 0 0 1 1 1 0 0 1 0 1 1 1 1 1 0 0 0 0 0 0 1 1 1 0 0 1 1 0 0 1 1 0 1 1 0 0 0 0 1 1 1 0 1 0 0 0 0 1 1 1 0 1 0 1 1 0 0 1 0 0 0 1 
7 5 0 1 1 0 0 1 1 1 1 0 1 0 0 1 1 1 0 0 1 0 1 0 0 0 0 1 0 0 1 1 1 0 0 1 0 1 0 0 1 0 0 1 0 1 0 0 0 1 0 1 1 1 1 1 0 0 1 1 1 1 0 1 1 0 0 0 1 1 1 1 1 1 0 0 0 1 1 1 0 0 0 0 0 1 1 1 1 1 0 0 1 0 1 0 0 0 1 1 1 0 0 0 1 1 1 0 0 0 0 0 1 1 0 0 1 0 1 0 0 1 1 0 0 1 0 0 1 0 0 1 1 0 0 1 0 0 1 0 0 0 0 0 1 0 0 0 0 1 1 1 1 0 1 0 1 1 0 1 1 0 1 0 1 1 1 1 0 1 1 1 1 1 1 1 1 0 0 1 1 0 0 0 0 0 1 1 0 1 0 0 1 0 1 0 0 0 1 0 0 1 1 0 0 1 1 1 0 0 0 0 1 1 1 1 1 1 0 0 0 1 1 0 0 1 1 1 0 0 1 0 0 1 1 1 1 0 1 0 1 0 0 0 0 1 0 0 1 1 1 0 1 1 0 0 0 0 1 1 0 0 0 0 0 1 0 0 0 1 0 1 1 1 0 0 1 1 0 0 0 0 1 1 1 0 0 1 0 1 1 0 0 1 0 1 1 0 1 1 1 1 1 0 1 
8 21 1 1 0 1 0 1 0 0 1 1 1 0 0 0 1 1 0 1 1 1 0 0 1 0 1 0 1 0 1 1 1 0 0 1 0 0 0 0 0 0 1 1 1 0 1 1 1 1 1 1 0 1 1 1 0 1 0 0 0 0 0 1 1 0 0 1 1 0 0 1 1 1 1 1 0 0 0 0 0 1 0 1 1 1 0 0 0 0 1 1 1 1 0 0 1 1 1 0 1 1 0 1 0 1 0 0 1 0 1 1 1 1 0 1 1 0 0 1 0 0 1 0 1 1 0 0 0 0 1 0 0 0 0 0 0 1 0 1 1 1 1 0 0 0 1 0 1 0 1 1 1 1 1 1 0 1 1 1 1 0 1 0 1 1 1 1 1 1 0 0 1 1 0 0 0 1 1 1 1 0 0 0 0 1 0 0 1 0 1 1 1 0 1 1 0 1 1 0 0 1 1 1 0 1 0 0 0 1 1 1 0 0 0 0 0 0 0 0 1 0 0 0 1 0 1 1 0 0 1 0 0 0 0 1 0 1 1 1 1 0 0 1 1 1 1 0 0 0 1 1 0 1 0 1 0 0 0 1 0 1 0 1 0 0 1 1 0 0 1 1 0 0 1 0 0 1 0 0 1 0 0 0 1 1 0 1 1 0 1 0 1 1 0 1 1 1 0 0 1 0 0 1 1 
9 14 1 0 1 0 0 1 0 1 0 1 1 0 0 0 0 0 0 0 0 1 0 1 0 1 0 1 1 1 1 1 0 0 0 1 1 0 1 0 0 0 0 0 0 0 1 1 0 1 1 0 1 1 0 0 1 1 1 1 0 0 1 0 1 0 1 1 1 0 1 1 1 1 1 1 0 0 0 0 0 0 0 1 0 0 0 0 1 1 1 0 1 1 0 1 1 1 1 0 0 0 1 0 0 1 0 1 1 1 1 1 0 1 1 1 0 1 0 0 1 0 1 1 0 0 0 1 0 0 0 1 1 0 0 1 0 1 0 0 1 0 1 0 0 1 0 0 1 1 1 0 0 0 0 0 1 1 1 0 0 0 0 1 1 0 0 1 1 1 1 0 0 0 1 0 0 1 0 1 0 0 0 1 0 1 1 1 0 1 1 1 1 1 1 1 1 1 0 0 0 1 0 1 1 1 1 1 1 0 1 0 1 1 0 0 1 1 1 1 0 0 1 0 0 1 0 1 1 0 1 1 0 0 1 0 0 0 0 1 1 1 1 1 0 0 1 1 1 0 0 0 1 1 0 1 1 0 1 0 0 1 1 1 0 1 0 1 1 0 0 1 0 0 0 1 0 0 0 1 0 1 1 0 1 1 0 0 0 1 1 0 1 0 0 0 0 1 1 0 1 1 1 1 0 
10 6 1 0 0 1 1 0 0 1 1 1 0 1 0 0 0 1 0 0 0 0 1 0 0 0 0 0 1 1 0 1 1 1 0 0 0 1 0 0 0 0 0 1 0 0 0 0 0 0 1 0 1 1 1 0 0 0 1 0 0 1 1 1 0 1 0 0 0 1 0 0 1 0 1 1 1 0 0 1 0 0 1 0 1 1 0 1 1 0 1 0 0 0 0 1 1 1 0 1 0 1 1 0 0 0 1 1 0 1 1 1 0 1 0 1 1 1 1 0 0 0 0 1 0 1 0 0 0 0 1 1 1 0 1 1 0 0 0 1 0 1 0 0 1 0 0 0 0 1 1 0 1 1 0 0 0 0 0 1 1 0 1 1 0 1 1 1 1 0 0 0 0 1 0 1 0 1 1 1 0 0 1 1 0 1 0 0 0 0 1 0 0 0 0 1 1 0 1 0 1 0 1 0 1 0 1 1 0 0 1 0 1 1 1 1 0 1 0 0 0 1 0 0 1 1 0 1 1 1 0 0 0 0 1 1 1 1 0 0 0 0 1 1 1 1 0 0 0 1 0 1 0 1 1 1 1 1 1 1 0 1 0 0 1 1 0 0 1 0 1 0 1 0 1 0 0 0 1 0 1 1 0 0 1 0 1 0 1 0 1 1 1 1 1 0 0 1 1 1 0 1 1 0 0 
11 20 0 0 1 0 1 0 0 0 0 1 0 1 1 0 1 0 0 1 1 0 1 0 1 1 0 1 0 0 1 1 1 0 0 1 1 0 0 0 1 0 0 1 1 1 0 0 1 1 1 0 0 1 1 0 0 0 1 0 0 0 0 1 1 1 0 1 0 1 0 0 1 1 1 1 0 1 0 0 1 1 1 1 1 0 1 1 1 0 0 0 0 1 0 0 1 0 0 1 1 1 0 1 0 1 1 1 0 1 1 1 0 1 1 1 0 1 0 0 0 0 0 0 1 0 0 0 1 0 1 0 0 0 1 1 1 0 1 0 0 1 1 1 1 0 0 1 1 0 1 1 0 0 1 1 0 0 0 0 0 1 0 1 1 1 1 1 1 0 0 1 1 0 1 1 0 1 0 0 1 1 1 0 1 1 0 0 0 0 1 1 0 1 0 0 0 1 0 1 0 0 0 0 0 0 0 1 0 0 1 0 1 1 1 0 1 1 0 1 1 0 0 1 1 0 0 1 1 1 1 0 1 1 1 0 1 1 0 1 1 1 1 0 1 0 0 1 1 1 1 1 1 0 0 1 1 0 1 0 0 0 1 1 1 0 1 0 0 1 1 0 0 0 0 1 0 1 0 0 1 1 0 0 0 1 1 0 0 0 1 1 0 1 0 1 0 1 0 1 0 1 0 0 1 
12 7 1 0 0 1 0 0 0 0 1 0 0 1 0 0 1 1 1 0 1 0 1 0 1 1 1 0 1 0 0 1 0 0 0 0 1 0 1 0 0 0 0 1 1 0 0 0 0 1 0 1 1 0 1 1 0 0 0 1 1 1 1 1 1 0 1 0 0 0 1 1 0 1 1 0 0 1 1 1 1 1 1 0 1 0 1 1 1 0 0 0 0 1 1 1 1 1 1 1 1 0 1 1 0 1 1 1 0 0 1 0 1 0 0 0 0 1 0 0 0 0 1 0 1 1 1 1 1 1 1 1 1 1 1 0 1 0 1 1 0 0 1 0 1 0 0 1 0 0 1 0 0 1 1 0 0 0 0 0 0 0 1 0 0 0 0 0 1 0 1 0 1 0 0 0 0 0 1 1 1 1 0 1 0 0 0 1 1 1 1 1 0 1 0 1 1 0 0 0 0 1 0 1 0 0 0 1 1 1 1 1 0 0 1 0 0 1 1 0 0 0 0 0 1 1 0 0 1 0 1 0 0 1 0 1 1 0 1 0 1 0 1 1 0 1 1 1 0 1 0 0 0 1 0 1 0 0 1 1 0 1 1 1 1 1 0 0 1 0 1 0 1 1 0 0 0 1 1 1 0 1 1 1 0 1 1 1 0 0 1 1 0 1 1 1 0 0 1 0 1 0 1 1 0 
13 22 1 0 0 0 0 1 1 0 0 0 0 1 1 0 0 0 0 0 1 1 1 1 0 0 1 1 1 1 0 1 0 1 0 0 0 0 1 0 0 0 1 1 1 1 1 1 1 1 0 1 1 1 1 0 0 1 1 1 1 0 0 0 1 1 0 0 1 0 0 1 0 0 1 0 0 0 1 1 1 1 1 0 1 0 0 1 1 0 1 0 1 0 1 1 0 0 1 1 0 0 0 1 1 0 0 1 1 1 0 1 1 1 0 1 0 0 1 1 1 0 1 0 1 1 0 1 1 0 0 0 1 1 1 0 1 0 0 0 0 1 0 0 0 0 1 0 1 1 1 0 0 1 1 1 1 0 0 1 1 0 0 1 0 1 0 1 0 1 0 0 0 1 0 0 0 1 1 1 1 0 0 0 1 0 0 1 0 1 1 1 0 0 1 1 1 0 1 0 1 0 1 1 0 1 0 0 1 1 0 0 0 0 1 0 0 1 1 0 1 0 0 1 1 1 0 0 1 0 1 1 1 1 0 1 1 0 1 0 0 0 0 0 0 1 1 0 0 1 0 1 1 0 1 0 0 0 1 0 0 1 1 0 0 0 0 0 1 0 1 0 1 1 1 1 0 1 1 1 0 0 0 1 0 1 0 1 1 0 1 1 1 1 0 1 0 1 0 1 1 0 0 1 1 
14 15 0 0 0 1 1 1 1 0 0 1 0 1 1 1 0 0 0 1 1 1 1 1 0 0 0 0 1 0 0 1 1 1 1 0 0 1 0 0 1 0 1 0 1 1 1 1 0 0 1 0 0 0 0 1 0 1 0 1 1 0 1 1 0 0 1 0 1 1 1 1 0 1 1 0 1 1 0 1 1 0 0 0 0 1 1 1 1 1 0 1 1 0 0 0 1 0 1 0 0 0 1 1 1 0 1 1 1 1 1 1 1 0 1 0 1 0 0 1 1 1 1 0 0 1 1 1 0 0 1 0 1 0 0 1 1 0 0 0 1 0 0 1 1 1 0 1 1 1 1 1 0 1 0 1 1 0 1 0 0 1 0 1 1 0 1 0 0 1 1 0 0 1 0 1 0 1 0 0 0 1 0 0 0 0 0 0 0 1 0 1 1 1 1 0 1 0 1 1 1 0 1 0 0 1 1 0 0 1 0 1 1 0 0 1 0 1 0 0 1 0 0 0 1 1 1 0 1 1 1 1 0 0 1 0 1 0 0 1 0 1 0 0 0 1 1 1 1 1 0 0 0 1 1 1 0 0 0 0 0 0 0 0 0 1 1 1 1 1 0 1 0 0 1 0 0 0 0 1 1 0 0 0 1 0 1 1 0 0 0 0 1 0 0 0 1 1 0 1 1 1 0 0 0 
15 18 1 1 0 1 0 1 1 1 0 0 1 1 0 1 0 0 0 0 1 1 1 1 1 1 1 0 0 0 0 0 1 1 1 1 0 1 0 1 1 0 1 0 0 0 0 0 0 0 1 1 0 0 0 1 1 1 0 1 0 0 0 1 0 0 1 0 0 1 0 1 1 0 1 0 0 1 0 1 1 0 0 0 1 1 0 0 1 1 1 0 0 0 0 0 1 0 0 1 1 0 0 1 1 1 1 1 1 1 1 1 1 1 1 0 0 0 1 0 1 0 1 1 0 1 1 1 0 0 0 1 1 0 0 1 1 0 1 1 0 1 1 0 0 1 1 1 0 0 1 0 0 0 0 0 1 0 1 1 1 0 0 0 1 1 0 1 1 0 1 0 0 1 0 1 1 0 0 0 0 1 0 0 1 1 1 0 0 0 1 1 1 1 1 1 1 0 1 1 1 1 0 0 1 0 1 1 0 0 0 0 1 1 1 0 1 0 1 0 1 1 1 1 0 0 0 1 1 1 0 0 0 1 0 1 0 0 1 0 1 1 0 1 1 1 1 0 0 0 0 1 0 1 1 1 1 1 1 1 1 1 0 0 1 1 0 0 0 1 1 1 0 0 0 1 0 0 0 0 0 0 1 1 1 1 0 0 0 0 0 0 0 1 0 0 1 0 1 1 1 1 0 0 0 
16 12 1 1 1 0 0 0 0 0 1 0 0 1 0 0 1 0 0 1 1 1 0 0 0 1 1 0 1 1 1 1 1 0 0 1 0 1 1 0 0 1 0 0 1 0 0 0 1 0 1 0 1 1 1 0 0 1 1 0 1 1 1 1 1 0 1 1 0 0 0 1 0 1 0 0 1 0 1 0 1 1 0 0 1 1 1 0 1 0 0 0 0 1 0 0 0 1 0 1 1 0 1 0 0 1 0 1 1 0 1 1 1 0 1 0 0 0 0 0 1 0 1 0 1 1 1 1 0 0 1 1 1 1 0 0 1 1 0 1 1 1 1 0 1 0 0 0 1 1 0 1 0 0 1 1 1 1 1 1 1 1 0 0 0 1 0 0 0 0 1 1 0 1 1 0 0 0 1 1 0 1 0 1 0 0 0 1 0 1 0 1 1 0 0 0 1 0 1 0 1 0 1 1 1 1 0 1 0 1 0 0 0 0 1 1 0 1 1 0 0 1 1 0 0 1 1 1 1 1 0 0 0 0 1 0 0 0 0 1 1 1 0 1 1 0 1 1 0 1 0 1 1 0 0 0 0 1 1 0 0 0 0 0 1 0 0 0 1 0 0 1 0 0 1 0 1 0 1 0 1 0 0 0 1 0 0 1 1 0 1 0 1 0 1 1 0 0 1 0 0 0 1 0 1 
17 19 0 0 1 0 1 1 1 1 1 1 1 1 1 1 1 1 1 1 1 0 0 1 1 1 0 1 0 1 1 1 1 1 0 0 1 1 1 1 1 1 0 0 1 1 1 0 0 0 0 1 0 1 0 0 0 1 0 0 0 0 0 1 0 0 0 1 1 0 0 0 0 1 1 1 0 1 0 1 1 0 1 1 0 1 0 1 0 0 1 0 0 0 0 0 0 1 0 1 1 0 1 1 0 1 1 1 1 1 1 1 1 0 0 1 1 1 1 1 1 1 1 0 1 1 0 0 0 1 0 0 1 1 0 1 1 0 0 1 1 0 1 1 1 1 1 1 1 0 1 0 0 1 1 1 0 0 0 1 1 1 0 0 0 1 1 0 1 1 0 0 0 1 0 0 0 1 1 1 0 0 1 0 0 0 0 1 0 0 0 0 0 0 1 0 0 0 1 1 1 0 0 1 1 1 0 1 0 1 0 1 0 1 0 0 0 1 0 1 1 0 1 1 1 1 1 0 1 0 1 0 1 1 1 0 0 1 0 1 0 0 0 1 0 1 1 1 1 0 1 0 1 1 0 0 0 1 0 0 1 0 0 0 1 1 0 0 1 0 1 1 1 1 1 1 0 0 1 0 1 1 0 0 0 1 1 1 1 0 1 0 1 0 1 1 0 0 0 1 1 0 1 0 1 
18 9 0 1 1 1 1 0 0 1 0 0 0 0 1 1 0 1 1 1 1 1 0 0 1 0 0 1 0 0 0 1 1 1 0 0 0 1 1 1 0 0 0 0 1 0 0 0 1 1 1 0 1 1 0 0 1 0 0 0 0 0 0 1 0 0 0 1 0 1 1 0 0 0 0 0 0 0 0 0 0 0 0 0 1 0 0 1 1 0 1 1 0 0 1 1 1 0 0 1 0 1 1 1 1 0 1 0 0 1 1 1 0 1 1 0 1 0 1 0 1 1 1 0 0 1 1 0 0 1 1 0 1 0 1 1 1 0 0 1 0 1 1 1 1 1 1 1 1 0 0 0 0 1 0 1 0 1 0 0 0 1 0 1 1 1 0 0 1 0 0 1 1 0 1 0 0 0 1 0 0 0 1 1 1 1 1 0 0 0 0 1 0 1 1 0 0 1 1 0 0 1 0 1 1 1 1 1 0 1 0 1 1 1 0 0 0 1 0 1 1 1 0 1 1 1 1 1 0 0 0 1 0 1 0 0 1 1 1 1 1 1 0 1 1 1 1 0 1 0 0 1 1 0 0 1 0 0 1 0 0 1 0 0 0 0 1 0 1 0 1 1 0 1 0 0 1 1 1 0 1 0 1 0 0 0 0 1 1 1 0 1 1 0 1 0 0 0 0 0 0 0 0 0 1 
19 1 1 1 0 1 1 1 0 0 1 0 1 0 0 1 1 0 0 0 0 0 0 0 0 0 0 1 1 0 0 1 0 1 1 0 0 1 1 0 1 0 1 0 1 0 1 1 1 0 1 0 1 1 1 1 0 0 0 0 1 1 1 1 1 0 0 0 1 0 0 1 1 1 0 0 1 0 1 0 0 1 1 0 1 1 1 0 1 1 1 0 0 0 1 1 0 0 0 0 0 1 1 1 0 1 0 1 0 0 0 1 1 1 0 1 0 1 0 1 1 1 1 1 1 1 0 0 1 1 0 0 1 1 0 1 1 1 1 1 1 0 1 1 0 0 0 0 1 1 1 0 0 0 1 1 0 1 0 1 0 0 0 1 1 0 0 1 0 0 1 0 1 1 1 1 1 1 0 0 0 0 0 1 0 0 0 1 1 0 0 1 1 1 0 0 0 1 0 0 1 0 1 1 1 0 0 0 1 0 1 0 1 1 1 1 1 0 0 0 1 1 1 1 1 1 0 1 1 1 1 1 0 0 1 1 1 1 1 1 0 1 0 1 1 0 1 1 1 1 0 0 0 1 1 1 0 0 1 1 1 1 1 1 0 0 1 1 1 0 1 0 1 0 0 1 1 1 1 0 1 1 0 0 1 1 0 0 1 1 1 0 1 1 1 1 0 1 0 0 0 1 0 0 1 
20 2 0 1 1 0 0 0 0 1 1 1 0 1 1 0 1 1 1 0 0 1 0 0 1 0 1 1 1 0 1 1 1 1 1 1 0 0 1 0 0 1 0 1 0 1 0 1 1 1 1 0 0 0 0 0 1 0 1 0 0 0 0 0 0 0 1 1 1 0 1 1 1 1 1 1 1 1 0 1 0 1 1 0 1 1 1 0 1 1 1 1 1 1 1 1 1 1 1 1 1 0 1 1 1 0 1 1 1 1 0 1 0 0 1 0 1 1 1 1 1 1 1 0 1 0 1 0 0 1 0 1 0 1 1 0 0 0 1 0 0 0 1 0 0 1 0 1 1 1 1 1 1 0 0 1 1 0 0 1 1 0 0 1 1 1 1 1 1 1 0 0 1 0 1 1 0 0 0 1 1 1 0 0 0 0 0 1 1 0 1 0 0 0 0 1 1 1 1 1 0 0 0 1 0 1 0 1 1 1 0 1 1 0 1 1 1 0 0 0 0 1 1 1 0 0 0 0 1 0 1 1 0 1 0 1 0 0 1 1 1 0 0 0 0 0 1 0 0 1 0 0 1 1 0 0 1 0 1 1 0 0 1 1 1 1 0 1 0 1 0 1 1 1 1 0 1 0 0 0 1 0 1 1 0 1 0 0 1 1 1 0 1 1 0 1 0 0 0 0 0 1 1 1 1 
21 16 0 0 1 1 0 1 0 0 0 1 0 0 1 0 0 1 1 0 0 1 0 1 0 0 0 1 1 0 1 1 0 1 1 1 0 0 0 1 0 0 0 1 0 1 1 1 1 0 1 1 0 0 1 1 1 0 0 1 1 0 1 1 0 1 1 1 1 0 0 1 0 1 1 0 0 1 1 0 1 0 0 1 1 0 1 1 1 1 0 1 1 1 0 1 0 0 0 1 1 0 1 0 1 1 1 0 1 0 0 0 0 0 0 1 1 0 1 0 1 1 1 0 1 1 1 0 0 0 0 1 1 0 1 1 1 0 0 1 1 0 0 0 1 1 1 1 0 0 1 1 0 1 1 1 0 0 1 1 1 1 1 0 0 0 1 0 1 0 1 1 0 0 1 0 1 0 0 0 1 1 0 0 0 1 1 1 1 0 1 1 1 1 1 1 1 0 0 0 1 0 0 1 0 1 0 0 0 0 0 0 0 0 1 1 1 0 0 1 1 0 1 1 1 0 0 1 1 1 0 1 1 1 1 1 0 1 1 1 1 1 1 1 1 0 1 0 1 0 1 0 1 1 1 1 0 1 1 1 0 0 0 0 1 0 1 0 0 1 0 1 1 1 1 0 0 0 1 1 1 1 0 1 0 1 1 0 1 1 1 1 1 0 0 1 0 0 0 1 1 0 1 0 1 
22 13 1 0 1 1 0 1 1 1 1 1 1 0 1 0 0 1 0 0 0 1 0 1 1 0 1 0 0 0 1 0 1 0 0 0 1 1 1 1 0 0 1 1 1 1 0 0 1 0 0 0 1 0 0 0 0 0 1 0 0 1 1 1 0 0 0 0 1 1 0 1 0 0 0 1 1 1 0 1 0 0 0 1 1 1 1 0 1 0 1 0 1 0 0 1 0 1 1 1 1 0 0 0 0 0 1 0 0 1 1 0 1 1 1 1 1 1 1 0 1 1 0 0 1 0 0 1 0 1 1 1 0 1 1 0 1 1 1 0 0 1 0 1 1 1 1 1 0 0 0 0 0 1 0 0 0 0 0 1 1 1 1 1 1 1 1 0 1 1 1 0 1 0 0 1 0 1 1 0 1 1 1 0 1 0 0 0 1 1 0 1 0 1 1 1 1 0 0 1 1 0 1 0 0 0 0 1 0 0 1 1 1 1 1 0 1 1 0 1 0 0 0 1 0 0 1 0 0 1 0 1 0 0 1 1 0 0 1 1 0 0 0 1 0 0 0 0 1 1 1 1 0 1 1 0 0 1 0 0 0 0 1 0 0 1 1 0 1 0 0 1 1 1 0 1 0 0 1 1 1 0 1 0 0 0 1 0 1 1 1 1 1 1 0 0 1 1 0 1 0 0 0 0 0 
23 12 1 0 1 0 1 0 1 1 0 1 1 1 0 0 1 0 1 0 1 0 1 1 1 1 0 0 1 1 0 1 1 0 0 0 0 0 0 0 0 0 0 1 0 0 0 1 0 0 1 1 1 1 1 0 0 0 0 1 1 1 1 1 1 0 0 0 1 1 1 0 1 1 0 1 0 0 0 0 0 1 1 1 0 1 0 1 1 0 1 0 1 1 1 0 0 1 1 1 1 0 0 0 0 1 0 1 0 0 0 1 1 1 0 0 1 0 0 1 0 1 1 1 1 0 1 0 1 1 0 1 0 1 0 0 0 0 1 0 1 1 0 1 0 1 0 1 0 0 1 0 0 0 0 0 0 0 0 1 0 0 0 0 0 0 1 0 0 1 0 0 0 0 1 1 1 0 1 0 1 1 0 1 1 1 1 0 1 0 0 1 0 1 0 1 0 0 1 1 0 1 0 0 0 0 1 0 1 0 1 1 0 1 0 1 0 0 0 1 0 0 0 0 0 1 0 1 1 0 1 1 1 0 1 1 1 1 1 1 1 1 1 0 0 0 0 1 0 1 0 0 1 1 1 1 0 0 0 0 1 1 0 1 1 0 1 0 0 1 0 0 0 0 1 1 1 1 0 1 0 0 1 1 0 1 0 1 0 1 1 1 0 1 0 0 0 1 1 1 0 0 0 0 1 
24 6 1 1 1 1 1 1 0 1 1 0 1 0 1 1 0 0 1 1 0 0 1 0 1 0 1 0 0 0 0 1 0 0 0 1 0 1 0 0 0 0 1 0 0 1 0 0 0 0 0 1 0 1 0 0 1 1 1 1 1 0 0 1 1 0 0 1 1 1 0 1 1 0 0 1 0 0 1 0 0 0 1 0 1 0 1 0 1 0 1 0 0 0 0 0 1 0 0 1 1 1 1 1 1 0 1 0 1 0 0 0 1 0 1 1 1 0 0 1 1 1 0 1 1 0 0 1 0 1 1 0 1 0 0 1 1 1 0 1 0 0 0 1 0 1 0 0 1 1 0 0 0 1 0 0 1 0 1 1 1 0 1 0 1 0 0 1 1 1 1 1 1 0 1 0 1 1 0 1 1 1 1 1 0 1 0 1 1 1 1 1 0 1 0 0 1 1 0 0 1 0 1 1 1 0 0 0 1 1 1 0 1 1 0 0 1 1 1 1 0 1 0 1 1 1 1 1 0 1 0 0 0 1 1 0 1 0 1 0 0 0 0 0 0 0 1 1 1 1 0 0 1 0 0 1 0 0 1 0 1 0 1 1 1 0 0 0 0 1 1 1 1 0 0 1 1 1 1 1 1 0 0 0 1 0 1 0 0 1 0 0 1 1 1 0 0 1 0 0 0 0 0 0 1 
25 1 1 0 0 1 1 0 0 1 0 0 0 0 0 0 0 1 0 0 1 0 1 1 1 0 0 1 0 1 0 1 0 0 0 0 0 1 1 1 0 0 0 0 0 1 0 0 0 0 1 1 0 0 1 0 0 0 0 1 1 0 0 1 1 1 1 0 0 1 1 1 1 1 0 1 0 1 1 0 1 1 0 0 0 1 1 1 1 1 1 0 0 0 1 0 0 0 1 0 1 0 0 1 1 0 0 1 0 0 0 1 0 1 0 0 1 0 1 0 1 1 1 0 1 0 0 1 1 0 0 1 1 0 1 1 0 0 1 0 1 1 1 1 0 0 1 0 0 0 0 1 0 0 1 0 1 0 1 0 1 1 0 0 0 1 1 0 0 0 1 1 1 0 1 1 0 0 0 1 1 1 1 0 1 0 1 1 1 1 1 0 1 1 0 1 0 0 1 1 1 0 0 1 1 1 1 1 1 0 0 0 0 0 0 1 1 0 1 0 1 0 1 1 0 0 0 1 0 0 1 1 1 1 1 1 1 1 1 0 1 0 1 0 1 0 1 0 1 1 0 1 0 0 1 1 0 1 1 0 0 1 0 1 1 1 0 1 1 0 1 0 1 0 1 1 0 1 0 1 1 1 0 1 1 1 0 0 1 1 0 0 0 1 0 0 1 1 1 1 1 1 0 1 0 
26 17 1 0 1 1 1 1 0 1 0 0 0 1 0 1 1 1 1 1 1 1 1 0 1 1 1 0 0 1 1 0 1 0 1 1 0 0 1 1 0 1 0 0 0 1 1 0 1 0 0 0 0 0 0 1 0 1 1 1 1 1 1 0 1 0 0 1 1 0 1 1 0 0 1 0 1 1 0 1 1 1 0 0 1 0 0 1 0 0 1 1 0 1 0 0 0 1 0 0 1 0 0 1 1 1 1 1 0 0 0 0 0 0 1 1 1 1 1 0 0 1 1 1 1 1 0 0 1 1 1 1 0 0 1 1 0 0 1 0 0 1 1 1 1 0 1 1 1 0 1 0 1 1 1 0 0 0 1 0 1 0 1 1 0 1 1 0 1 1 1 1 0 1 0 1 0 1 1 0 1 1 1 1 0 1 1 1 1 0 0 0 1 1 0 1 1 0 0 0 1 0 1 0 1 1 0 1 1 0 1 0 1 1 0 1 1 0 1 1 1 1 0 1 0 1 0 1 1 1 1 0 1 0 0 1 0 1 0 1 1 0 0 1 1 0 0 1 0 1 1 1 1 0 1 1 1 1 1 0 1 0 1 1 0 0 1 1 1 1 1 1 0 1 1 1 0 1 0 0 0 1 1 1 0 0 0 1 0 0 1 0 0 0 1 0 1 1 0 0 0 0 1 0 0 
27 13 0 0 1 1 0 0 0 1 0 0 0 1 1 0 0 0 0 0 0 0 0 1 0 0 1 1 0 0 1 0 0 1 0 0 0 0 1 0 0 1 0 0 0 1 1 0 1 0 0 1 0 0 0 1 0 1 0 0 0 1 1 1 0 0 1 1 1 0 1 1 1 0 1 0 1 0 1 1 1 1 0 0 1 0 0 1 1 0 0 1 1 1 0 1 1 1 0 0 0 1 0 1 0 1 1 0 0 0 0 1 1 0 1 1 0 1 1 0 1 1 0 1 0 1 1 1 1 0 1 0 0 1 1 1 0 1 1 1 1 0 0 1 0 0 1 0 1 0 0 0 0 0 1 0 0 1 0 0 1 0 0 0 0 1 0 0 0 1 0 1 0 1 0 0 0 0 1 0 0 0 1 1 0 0 1 1 0 1 1 1 1 1 0 0 1 1 0 0 1 0 0 0 0 1 1 1 0 1 1 1 1 1 1 1 1 1 0 0 0 0 1 0 1 1 1 1 0 1 0 1 0 0 0 1 1 1 0 1 1 1 1 1 0 1 0 1 1 1 1 1 1 0 1 1 0 0 1 0 0 1 0 1 0 0 1 1 1 1 1 0 1 1 1 0 1 0 0 0 1 0 0 0 0 0 1 0 1 1 1 1 1 1 0 1 1 1 0 1 1 1 0 0 1 
28 3 0 0 0 0 0 0 0 0 0 1 1 1 1 1 1 0 1 0 1 1 0 0 1 1 1 1 0 0 0 1 0 0 1 0 1 0 1 0 0 1 0 1 0 1 1 0 0 0 1 0 0 1 0 1 0 1 0 1 0 0 1 1 1 0 0 1 0 0 0 0 0 1 0 1 1 0 1 0 0 1 1 0 0 1 1 1 0 1 1 0 1 0 0 0 0 0 0 0 0 0 0 1 1 0 1 1 0 0 0 1 1 1 1 1 0 1 1 1 0 1 1 1 0 0 1 1 0 1 0 1 0 0 1 0 0 1 0 0 0 1 0 0 1 0 0 1 1 1 1 1 0 0 0 1 1 1 0 1 0 0 0 0 0 1 0 1 0 0 1 0 1 0 0 1 1 1 0 1 1 0 1 0 1 0 1 0 0 0 0 1 1 1 0 0 1 1 1 0 1 0 0 0 1 1 0 0 1 1 1 0 1 0 1 1 0 0 1 1 1 0 1 0 0 1 1 0 1 0 1 1 1 1 0 0 1 1 1 1 0 0 0 0 0 0 1 1 0 1 1 0 1 1 1 1 0 1 1 1 0 0 1 1 0 1 0 1 0 1 1 0 1 1 1 1 1 1 1 1 1 0 0 0 1 1 1 0 0 0 1 0 1 0 0 0 0 1 0 0 1 0 1 1 1 
29 1 1 0 0 1 0 0 1 0 1 1 0 0 1 0 1 1 1 1 1 1 1 1 0 1 1 0 0 0 1 1 1 1 0 0 1 1 1 1 1 0 0 1 0 0 1 1 1 1 1 0 1 1 0 0 1 0 0 0 0 1 1 0 1 1 0 0 0 1 1 0 0 0 1 1 1 0 0 0 1 0 0 0 1 0 0 0 0 1 0 1 0 1 1 1 1 0 0 0 1 0 1 1 0 0 0 0 1 0 0 1 0 0 1 0 0 1 1 0 1 0 1 1 1 1 0 0 1 1 1 1 1 1 1 1 0 1 0 1 1 0 1 0 1 0 0 1 1 0 0 0 1 1 1 0 0 1 1 1 1 0 0 1 0 0 0 0 1 0 1 0 1 0 1 0 1 1 1 0 1 0 1 0 0 0 0 1 1 1 0 0 1 1 0 1 0 1 1 1 0 1 0 0 1 0 0 1 0 0 1 0 0 0 0 1 1 0 1 0 1 1 1 1 1 1 0 0 0 1 1 1 0 1 0 1 0 1 0 0 1 0 1 0 1 1 1 0 1 1 1 1 1 1 0 0 0 0 0 1 0 0 1 1 0 1 1 1 1 1 0 1 0 0 0 1 1 0 0 0 0 0 1 0 0 1 0 1 0 0 1 0 0 1 0 0 0 1 0 0 1 0 0 0 1 
30 17 0 0 0 1 1 0 1 1 1 1 1 1 0 1 1 0 1 1 0 1 0 1 0 0 0 0 1 0 1 1 1 1 1 1 0 0 0 0 0 1 0 1 0 1 1 1 0 0 1 1 0 0 0 1 0 0 0 0 1 1 0 0 0 0 1 1 0 1 1 1 1 1 0 0 1 0 1 0 0 1 1 1 0 1 0 0 1 1 0 1 0 1 1 1 0 0 1 0 0 1 0 0 0 0 1 0 1 0 1 1 1 1 0 1 1 1 0 1 1 0 0 0 1 0 0 1 1 1 0 1 0 1 1 1 1 1 0 1 0 1 1 1 0 0 1 1 1 0 0 0 0 1 1 1 0 1 0 1 0 0 0 1 1 1 0 1 0 0 0 1 0 0 1 0 1 0 1 0 1 0 0 0 1 0 0 1 1 0 1 1 0 0 0 1 1 0 1 0 1 0 0 1 1 1 0 0 0 0 0 1 0 0 1 0 0 0 1 0 0 0 0 0 0 0 1 1 1 1 0 0 1 0 1 0 1 0 0 1 0 0 1 0 0 1 0 1 1 1 0 0 0 1 1 0 1 0 0 0 1 0 1 1 0 0 1 1 1 1 1 0 0 0 0 0 1 1 0 0 0 1 1 0 0 0 0 1 1 0 0 0 0 1 1 0 1 1 1 1 1 0 1 0 1 
31 16 0 0 0 1 0 1 1 0 0 0 0 0 0 0 1 1 0 0 1 0 1 0 0 0 1 0 0 1 1 1 0 1 0 0 0 1 0 1 1 1 0 1 1 0 0 1 0 1 1 0 0 1 0 1 1 0 0 1 1 0 0 0 0 0 0 0 0 1 1 0 1 1 1 0 0 1 1 0 0 0 0 0 0 0 1 0 1 1 1 1 1 1 0 0 1 1 0 1 1 0 1 1 0 1 0 0 0 0 0 1 0 0 1 0 1 0 1 0 1 0 0 1 1 0 1 1 0 1 1 0 1 0 0 1 1 1 0 1 0 0 0 0 1 1 0 0 0 1 1 0 1 0 1 1 1 0 1 1 0 1 0 1 1 1 0 1 1 1 1 1 0 1 0 1 1 1 1 0 0 0 0 0 1 1 1 1 0 0 0 1 1 0 1 1 0 0 1 1 0 0 0 0 1 0 0 0 0 0 1 0 1 0 1 1 0 1 0 1 0 1 1 0 1 0 1 0 0 1 1 0 0 0 0 0 1 1 1 0 1 1 0 0 1 1 0 0 0 1 1 1 0 0 1 0 1 1 1 0 1 1 0 0 0 0 0 1 1 0 1 0 0 1 0 0 1 1 1 0 0 1 0 0 0 1 0 0 1 0 0 0 1 0 0 0 1 0 0 1 1 0 1 0 0 
32 17 1 1 1 1 0 1 1 1 0 0 1 1 1 0 0 1 0 0 0 1 0 1 1 0 1 0 1 0 1 1 1 1 0 1 1 0 1 1 0 0 0 1 0 0 1 1 0 0 1 1 1 0 1 1 0 1 0 0 1 0 1 1 0 1 0 0 1 1 1 0 1 0 1 1 0 1 0 1 1 0 1 0 0 0 1 1 1 0 1 0 0 0 1 1 0 0 1 1 1 0 0 1 0 1 0 0 1 0 1 0 0 1 1 1 0 0 0 0 1 1 1 0 0 0 0 1 1 1 1 1 0 1 0 1 1 1 0 0 0 0 1 1 0 0 1 1 1 0 1 1 0 1 1 1 0 1 1 0 1 0 0 0 0 1 0 0 1 0 0 0 1 1 0 1 0 1 1 1 1 0 1 0 1 0 1 1 0 0 0 0 1 0 1 0 0 1 1 1 0 0 1 0 0 0 1 1 1 1 1 1 1 0 1 1 0 0 1 0 1 0 0 0 0 1 1 1 0 1 0 0 1 1 0 1 1 0 1 0 1 0 1 1 1 1 1 0 0 0 1 1 1 0 1 0 0 0 1 1 0 1 0 1 1 1 0 1 1 0 0 0 1 0 0 0 1 1 1 1 1 0 1 1 0 1 0 1 0 1 0 1 0 1 0 0 1 1 1 0 0 0 0 0 1 
33 6 0 1 0 0 0 1 0 1 0 0 0 0 0 1 0 0 1 0 0 1 1 0 1 0 0 0 1 1 1 1 0 0 0 0 1 0 1 1 0 0 0 1 1 0 0 1 0 0 0 1 1 0 0 0 1 1 0 1 1 0 1 0 1 1 0 1 0 1 1 1 1 0 0 0 0 0 0 0 0 0 0 0 0 1 1 0 0 0 1 0 0 1 1 0 1 0 0 0 1 0 0 0 0 1 1 0 1 0 1 1 1 0 0 1 0 0 1 0 1 1 1 0 1 0 1 0 1 0 1 1 1 0 1 0 0 1 1 1 0 0 1 0 0 1 0 0 1 1 1 1 0 0 1 0 1 1 0 0 1 1 1 1 0 0 0 0 1 0 0 1 1 0 0 1 0 1 1 1 1 0 1 1 0 0 1 0 1 0 0 0 0 1 0 0 0 0 0 1 0 1 0 0 0 1 0 0 0 0 0 0 1 1 0 1 0 1 1 1 1 0 1 0 1 1 0 0 1 1 0 1 0 1 1 0 1 0 0 0 1 1 1 0 0 1 1 1 0 1 1 0 0 0 0 0 1 0 1 1 0 0 0 0 0 1 1 0 1 0 0 0 1 1 1 0 1 1 0 1 0 0 1 0 1 0 0 1 1 1 0 0 1 1 0 1 1 1 0 1 1 1 1 1 0 
34 22 1 0 0 1 0 1 1 0 1 0 0 1 0 0 1 1 1 0 0 1 1 0 1 0 0 0 0 0 1 0 0 0 0 1 1 0 1 1 0 0 0 0 0 0 1 1 1 1 0 1 1 0 0 1 0 1 1 0 0 1 1 1 1 1 0 1 1 0 0 1 1 0 0 1 0 0 0 0 1 1 0 1 0 0 1 0 1 1 0 1 1 1 1 1 0 1 0 1 0 1 1 0 0 1 0 0 1 0 0 0 1 0 1 0 1 1 1 0 0 1 1 1 0 0 1 1 0 0 1 0 0 1 0 0 0 0 0 1 0 1 1 1 1 1 1 1 1 1 1 1 0 0 1 0 0 1 0 1 0 0 0 1 0 0 1 1 0 1 1 0 0 1 0 0 1 1 1 1 0 1 0 0 0 0 1 0 0 0 1 0 1 1 1 1 1 1 1 0 0 0 0 1 1 0 0 1 0 0 0 0 1 1 0 0 1 0 1 0 0 0 1 1 0 0 1 1 1 0 0 1 1 0 1 0 1 0 0 1 1 1 1 0 1 1 1 1 1 0 0 0 1 0 1 0 1 0 0 0 1 0 1 0 1 0 0 1 0 1 0 1 1 0 0 1 1 0 1 0 1 0 0 1 0 1 0 0 0 1 0 1 0 1 0 0 1 0 0 0 1 1 1 1 1 
35 6 1 1 0 0 0 1 1 0 1 0 0 1 1 0 1 1 0 0 1 0 1 0 1 0 1 1 0 0 0 1 1 1 0 1 0 1 0 0 0 1 0 1 0 0 1 0 1 1 1 1 0 1 1 0 1 1 0 0 1 0 1 1 1 1 0 0 1 1 0 1 0 0 0 0 1 1 1 1 1 1 0 0 0 1 0 1 1 0 1 1 0 0 0 0 1 1 1 1 0 1 1 1 0 1 1 0 1 0 1 0 1 1 0 0 1 0 1 0 1 0 0 1 0 0 1 1 1 1 1 0 0 1 0 0 0 0 0 1 0 1 1 1 0 1 1 0 0 0 1 0 1 1 0 0 0 0 0 0 0 0 0 0 0 1 1 0 1 0 1 1 0 0 1 1 1 1 0 1 0 0 1 0 1 1 0 1 0 0 0 1 0 1 0 1 1 1 1 0 1 0 0 0 1 1 0 1 0 0 1 1 0 1 1 0 1 0 1 0 0 0 1 1 0 1 0 0 1 0 1 1 1 1 1 0 0 0 0 1 0 0 0 0 0 1 0 1 1 1 0 0 0 0 0 0 0 1 0 0 0 1 0 0 0 0 1 1 0 0 0 0 1 0 1 0 1 1 0 0 0 0 1 0 0 1 1 1 1 0 1 0 0 1 1 1 0 0 0 1 1 0 1 0 0 
36 17 0 0 1 1 0 1 1 0 0 1 0 1 0 1 1 1 1 0 1 1 1 0 0 0 1 1 0 0 0 1 1 1 1 0 0 1 1 1 0 0 1 0 1 0 1 0 0 1 0 1 0 0 0 1 1 1 0 0 0 0 1 1 0 1 1 1 0 0 0 1 0 0 0 1 1 1 0 1 1 0 1 0 0 0 0 0 1 1 1 0 0 0 0 1 0 1 0 1 1 0 0 1 0 0 1 0 0 1 1 0 0 1 0 0 1 1 0 0 1 0 1 1 0 1 1 0 1 0 0 0 1 1 1 0 0 1 0 1 0 1 1 0 0 0 0 1 1 0 1 0 1 0 1 1 1 1 1 0 1 0 0 1 1 1 1 0 1 0 1 0 1 0 1 0 0 0 1 0 1 1 1 1 0 1 0 0 1 0 0 1 0 0 1 0 0 1 0 1 1 1 1 0 0 0 1 0 1 0 0 0 1 0 1 1 1 0 0 0 1 0 1 0 0 0 1 1 1 0 1 0 1 1 1 0 0 0 0 0 0 1 0 1 0 0 0 1 1 0 0 0 0 0 1 1 0 1 0 0 0 1 1 1 1 0 0 0 1 0 0 0 1 0 0 1 0 0 0 0 0 1 1 1 1 0 0 1 0 1 1 1 0 1 1 0 1 1 1 1 1 1 1 1 0 
37 15 1 1 1 0 0 1 0 1 1 0 0 0 0 1 1 0 0 0 1 1 0 1 1 0 1 0 0 1 0 1 1 1 0 0 0 1 0 0 1 0 0 1 1 1 0 0 0 1 0 0 0 0 1 1 0 0 0 0 1 1 0 1 0 1 1 1 1 1 0 1 1 1 1 0 0 1 1 1 0 1 1 0 1 0 1 0 0 1 1 1 0 1 1 1 1 0 0 1 1 0 1 1 1 0 0 1 0 0 1 0 0 1 1 1 1 0 0 0 1 1 1 1 0 1 0 0 1 1 1 1 1 1 0 1 1 0 0 1 1 0 1 0 0 1 1 1 1 1 0 1 0 1 1 0 1 0 0 0 0 0 0 1 0 0 1 1 0 0 1 0 0 0 0 0 0 1 1 1 1 0 0 1 0 0 1 1 0 0 1 0 0 1 0 0 0 1 1 1 1 0 0 1 1 1 1 0 1 1 0 1 0 1 1 1 0 0 1 0 1 0 0 1 1 0 0 0 1 1 0 0 0 0 1 1 1 0 0 0 0 0 0 0 0 0 0 0 1 0 1 0 1 1 1 0 1 1 1 1 1 0 1 0 0 0 1 0 0 1 1 1 0 0 0 0 1 1 1 0 1 1 0 0 1 0 1 0 0 0 1 1 1 1 0 0 1 1 0 1 0 0 1 0 0 
38 14 1 0 1 0 0 1 1 0 0 0 0 0 0 0 0 1 0 1 0 1 1 1 1 0 1 1 1 1 1 0 0 0 1 1 1 1 1 0 1 0 0 1 1 1 1 0 0 1 0 0 0 0 1 1 1 0 0 1 1 0 0 1 0 0 0 0 1 1 0 0 1 1 0 0 0 0 0 1 0 1 0 0 0 1 1 1 1 1 0 0 1 0 1 0 1 1 0 1 1 1 1 0 1 1 0 0 0 0 0 1 1 0 1 1 0 0 1 1 1 1 0 0 0 0 1 0 0 1 0 1 1 0 0 0 1 1 1 0 0 0 0 1 0 1 1 0 0 1 1 0 0 0 1 1 0 0 1 1 0 0 0 0 1 0 0 1 0 1 0 1 1 0 1 1 1 1 0 1 1 0 1 0 0 1 1 1 0 1 0 1 0 1 0 0 0 0 0 1 0 0 1 0 1 0 0 1 0 0 0 0 0 0 1 1 0 1 1 0 1 0 0 0 1 1 1 1 1 1 0 1 0 0 0 0 0 0 1 0 1 1 0 0 1 1 1 1 1 0 0 1 1 1 1 1 0 1 1 1 0 1 1 0 1 1 1 0 0 1 1 0 1 0 1 1 0 0 0 1 1 0 0 1 0 0 1 1 1 1 1 1 1 0 0 0 1 1 1 1 0 1 1 1 0 
39 8 0 1 1 0 0 1 1 0 0 1 1 1 0 1 0 1 0 1 1 0 0 1 0 1 1 1 0 1 1 1 0 1 1 0 1 1 1 1 0 0 1 1 0 1 0 0 1 0 0 0 1 1 1 1 1 0 1 1 0 0 0 0 1 0 0 1 1 0 1 0 1 1 0 0 1 0 0 1 1 0 1 0 0 0 0 1 0 0 1 1 1 1 0 0 0 0 0 0 0 1 0 0 0 0 1 1 1 0 1 1 0 1 0 1 0 0 0 1 1 0 1 1 0 0 0 1 1 1 1 1 0 1 0 1 0 1 0 1 1 0 1 0 0 1 1 1 1 0 1 0 1 1 0 0 0 1 0 1 1 0 0 0 1 1 0 0 0 1 0 0 0 1 0 1 0 1 0 1 1 1 0 0 0 0 0 0 1 0 0 1 1 0 0 0 1 1 0 1 1 1 0 0 0 0 1 0 1 1 0 0 0 0 0 0 0 1 1 1 1 0 1 0 1 1 1 1 0 1 0 1 0 0 1 0 0 0 0 0 1 0 0 0 1 1 0 1 1 0 1 1 0 1 1 0 0 1 1 0 1 0 1 0 1 1 1 0 0 0 1 0 0 1 0 1 0 1 1 0 0 1 1 1 1 1 1 0 0 0 1 0 1 0 0 1 1 1 1 1 0 1 1 0 1 
40 9 0 0 0 0 0 1 0 0 1 1 0 0 0 1 1 0 0 0 1 1 0 0 1 1 0 1 0 0 1 0 0 0 1 1 1 0 0 0 1 0 0 0 0 1 0 0 1 1 1 0 1 0 1 1 0 0 1 1 0 1 1 1 1 1 0 1 1 1 1 1 0 1 1 0 0 1 0 0 1 0 0 1 0 0 0 0 0 1 0 1 0 0 1 1 0 1 1 0 0 1 1 1 1 0 1 1 0 0 1 0 0 1 0 1 0 1 0 0 0 1 0 1 0 1 1 0 1 1 1 1 0 0 0 1 1 1 0 0 1 1 1 0 0 1 0 1 0 1 1 1 1 0 0 1 0 1 0 1 0 1 1 1 0 1 0 1 0 0 0 1 1 0 1 0 1 0 0 0 1 0 0 1 1 0 1 1 1 1 1 0 0 1 0 1 0 0 1 1 1 0 1 0 1 0 1 0 0 0 1 0 1 0 0 0 1 0 0 0 0 0 1 1 0 0 0 0 1 1 1 0 1 0 1 1 1 1 1 1 1 0 0 1 1 0 0 0 1 1 0 1 0 1 1 1 0 1 0 1 1 0 1 1 0 1 0 1 0 1 0 1 0 0 1 0 0 0 1 0 1 1 1 0 1 1 0 0 0 1 1 1 0 1 0 0 1 0 1 0 0 0 1 0 1 
41 5 0 1 0 0 1 0 1 1 0 1 1 1 1 1 0 1 0 1 1 0 0 1 1 1 0 0 0 1 1 1 0 1 1 1 0 1 1 1 1 1 0 1 1 0 1 0 0 0 1 0 1 1 1 0 0 1 0 1 0 0 1 0 1 0 1 1 1 0 1 0 0 0 1 1 1 1 0 0 1 1 0 1 1 0 0 1 0 0 1 0 0 1 1 1 0 0 0 0 1 0 1 0 1 1 1 0 0 1 0 0 1 0 0 0 1 0 0 1 0 1 0 1 0 1 0 1 0 0 0 0 1 1 1 0 1 0 1 0 0 1 0 0 1 1 0 0 0 0 0 0 1 0 1 0 1 0 1 1 0 1 0 1 0 0 1 1 1 1 0 0 0 0 1 1 0 1 1 1 0 0 0 1 1 0 0 1 1 0 0 0 0 1 1 0 1 1 0 1 0 0 1 1 0 0 0 0 0 1 1 0 0 1 0 0 0 1 0 1 1 0 0 1 0 0 0 0 1 0 1 1 1 0 0 1 1 1 0 0 0 1 0 1 1 1 0 1 1 0 0 1 0 0 1 1 1 0 0 0 0 1 1 1 0 0 0 0 1 0 1 0 0 1 0 0 1 0 1 1 0 0 1 0 1 0 1 1 0 0 1 0 0 0 1 1 0 1 1 1 0 1 1 0 1 
42 13 1 1 1 1 0 0 1 1 1 0 0 1 1 1 1 0 1 0 1 1 0 0 1 0 1 1 1 0 0 0 1 1 1 0 1 1 0 1 1 1 1 0 1 1 0 1 0 0 1 0 1 1 0 0 1 0 1 0 0 0 0 0 1 0 1 1 1 1 0 0 0 1 0 1 0 0 1 0 0 0 0 1 1 1 1 0 0 0 1 1 1 0 0 1 0 0 0 0 1 1 0 1 0 1 0 0 0 0 0 1 0 1 1 0 1 1 1 0 0 1 1 1 0 1 1 0 0 1 1 0 1 1 1 0 0 1 1 0 0 0 0 1 1 0 0 1 0 1 1 0 0 1 1 1 1 1 0 0 1 0 0 1 0 0 0 1 1 0 0 0 1 1 0 1 1 0 1 0 0 0 1 1 0 0 0 1 1 0 0 1 0 1 0 1 0 0 0 0 1 0 1 0 1 0 1 0 1 1 1 0 0 0 0 0 0 1 0 0 0 1 0 1 0 1 1 1 1 0 1 0 1 0 1 1 1 1 1 0 1 0 0 1 0 1 1 0 0 0 0 1 1 1 0 0 0 0 1 1 0 1 0 1 1 1 1 1 0 0 0 1 0 1 0 1 0 1 0 0 1 0 0 1 1 0 1 1 1 0 0 0 0 0 0 0 1 0 1 0 0 0 0 1 0 
43 20 1 0 1 1 1 1 1 0 1 0 0 1 0 0 0 0 1 0 0 0 1 0 0 1 1 1 1 0 0 0 0 0 0 1 0 1 0 1 1 1 0 0 1 1 1 1 1 0 1 0 1 0 0 0 1 0 0 1 1 1 0 0 0 0 1 1 1 0 1 0 0 1 1 0 0 0 0 0 1 1 0 1 1 1 0 1 0 0 1 0 1 1 1 0 0 0 1 0 1 1 0 1 1 1 0 1 1 0 0 1 1 1 0 1 0 1 1 0 1 1 1 1 0 0 0 0 1 0 0 0 1 0 0 0 1 1 0 1 1 1 1 1 1 0 1 1 0 1 0 1 1 0 1 1 1 1 0 1 1 0 1 1 0 1 0 0 1 0 1 0 1 0 0 1 0 1 0 1 0 0 1 0 0 0 0 0 1 1 1 0 1 1 0 0 1 1 1 1 0 1 0 1 1 1 0 1 1 0 1 1 0 1 0 0 0 1 0 1 0 0 1 0 1 0 1 0 0 1 1 0 0 1 0 1 1 0 0 1 0 1 0 0 0 0 1 1 1 0 0 1 0 1 0 1 1 0 1 0 0 1 0 1 0 1 0 1 0 0 1 0 1 1 1 1 1 1 1 0 1 0 1 1 1 0 0 1 0 1 0 1 1 1 0 0 1 0 1 1 1 0 0 0 0 
44 3 0 0 0 1 1 0 1 1 1 0 0 0 0 1 1 1 0 1 1 1 1 1 0 0 1 1 1 0 0 1 0 0 0 1 0 0 1 1 1 1 0 1 1 1 0 0 0 0 1 1 1 1 0 0 1 0 0 1 1 1 0 0 0 0 1 1 0 0 0 0 1 0 0 1 1 1 1 1 1 1 0 1 0 0 1 1 0 0 0 1 1 1 0 1 0 1 1 0 1 0 1 1 0 1 1 0 1 1 0 1 1 1 0 0 0 0 1 0 1 0 1 1 1 1 1 1 1 1 1 0 1 0 0 0 0 0 1 1 0 0 0 0 0 0 1 1 0 0 0 0 1 1 1 0 0 0 1 1 1 0 0 0 0 0 0 1 0 1 0 0 0 1 0 1 0 1 0 0 0 1 1 0 0 0 0 0 0 1 1 0 1 0 1 1 1 0 0 0 1 1 0 0 1 1 0 1 1 1 0 0 0 0 1 1 1 0 0 1 1 0 1 1 0 1 1 0 0 1 1 0 0 1 1 0 0 1 1 0 1 0 0 1 1 0 0 1 0 0 1 1 1 1 1 0 0 1 1 1 1 1 0 0 1 0 1 1 1 0 1 1 1 1 0 0 0 0 1 1 1 0 1 1 1 1 0 0 1 0 0 0 1 0 1 0 0 0 1 1 1 1 0 1 1 
45 20 1 0 1 0 0 1 0 0 0 1 1 1 1 0 1 1 0 1 0 1 1 1 0 1 0 0 1 0 0 1 0 1 1 0 0 0 1 0 0 0 0 1 1 0 0 0 0 0 1 1 1 0 1 1 0 0 1 0 1 0 1 0 1 0 1 1 0 0 0 1 1 0 0 0 0 0 0 0 1 1 0 0 1 0 0 1 0 1 0 0 0 0 0 0 0 0 1 0 0 1 0 0 0 1 1 0 1 0 0 0 0 0 0 0 1 0 0 1 1 0 1 0 0 0 1 0 0 1 0 1 0 1 1 0 0 1 0 0 1 1 1 1 1 1 0 0 0 0 0 1 1 1 1 0 0 0 0 0 1 1 0 1 1 0 0 0 0 1 0 1 0 1 1 1 0 0 1 1 0 1 0 1 0 0 0 1 1 0 0 0 0 0 0 0 1 0 1 1 1 0 0 1 0 0 0 1 0 0 1 0 1 1 0 1 0 0 1 1 1 0 0 0 0 1 0 1 1 0 0 0 0 1 0 0 0 0 1 1 1 1 1 0 0 0 0 1 1 0 1 0 0 1 0 0 1 0 0 1 0 1 1 0 1 1 1 1 0 0 0 1 1 1 1 0 0 0 1 1 0 1 1 0 0 1 1 1 0 1 1 0 0 0 0 1 0 0 0 1 0 1 1 1 1 
46 17 0 0 1 0 0 0 0 0 0 0 1 1 0 0 1 0 1 1 0 0 0 1 1 0 1 1 0 0 1 0 0 1 1 1 1 0 0 0 1 1 1 0 1 0 0 0 0 0 1 1 0 0 1 1 0 0 1 1 1 0 1 0 1 1 1 1 0 1 0 1 0 1 1 0 0 0 0 1 1 1 1 1 1 1 0 1 0 0 0 0 0 0 0 0 1 1 1 0 1 0 0 1 1 1 0 1 0 1 1 0 1 0 1 0 0 0 0 1 0 1 1 1 0 0 0 0 0 0 1 0 0 1 1 0 1 0 1 0 0 0 0 0 0 1 0 0 0 1 0 1 0 0 1 1 1 0 0 1 1 0 0 0 1 0 1 1 0 0 0 0 0 1 1 1 0 1 0 0 1 0 1 0 0 1 1 0 0 1 1 0 1 0 0 1 0 1 0 0 0 1 1 1 0 1 0 1 1 1 1 1 0 0 0 1 1 1 1 0 1 0 0 0 0 0 0 0 1 1 0 0 1 1 1 0 0 1 0 1 0 1 0 0 0 0 1 0 0 0 0 0 0 0 1 0 0 1 0 0 1 0 1 1 1 1 0 1 1 0 1 0 1 1 1 1 0 0 1 1 1 1 0 1 1 1 0 0 1 1 0 0 1 1 0 0 1 0 0 0 1 0 1 1 1 
47 13 0 0 1 1 1 0 1 1 0 1 1 1 1 1 1 0 1 0 0 1 1 0 0 0 1 1 0 0 1 0 1 1 1 1 1 0 0 1 0 1 0 1 0 0 0 0 0 1 0 1 0 0 0 0 1 0 0 1 0 0 1 1 1 0 0 1 1 0 1 0 0 1 1 0 1 1 0 0 1 0 1 1 1 0 1 1 0 0 1 0 0 1 1 0 0 1 0 0 0 1 1 0 1 0 1 0 1 1 1 0 1 1 0 0 0 0 0 1 1 1 0 0 0 0 1 1 0 1 1 1 1 1 1 1 1 1 0 1 0 1 0 1 0 1 0 1 0 0 0 0 0 0 0 0 1 1 0 0 0 0 0 0 1 1 1 0 0 0 0 0 1 0 1 0 0 1 1 0 1 0 0 0 1 0 1 1 0 0 1 0 1 1 0 0 1 1 1 0 0 0 1 1 0 1 1 1 0 1 0 1 1 1 0 0 0 1 0 0 0 0 0 1 0 1 0 1 0 1 1 0 0 0 0 0 0 0 0 0 1 0 0 1 1 0 0 0 1 0 1 1 0 0 1 1 1 0 1 0 1 1 1 1 1 1 1 1 1 1 0 0 0 0 1 1 1 0 1 1 0 0 1 0 1 1 0 1 1 1 1 0 1 1 1 0 0 0 1 1 0 1 0 0 0 
48 17 0 0 1 1 1 1 0 1 1 0 1 0 1 1 1 0 0 1 1 1 1 1 0 0 0 0 1 1 1 1 1 0 0 0 0 0 0 0 0 1 0 1 0 1 0 0 1 1 0 1 1 0 0 0 1 0 1 1 0 1 0 0 0 1 1 1 1 1 1 1 0 0 1 0 1 0 1 1 1 0 0 1 1 1 1 0 0 0 1 1 1 1 1 1 1 1 1 1 0 0 0 1 1 0 0 1 0 1 1 0 0 0 0 1 1 1 0 1 1 0 0 1 1 0 1 0 0 0 1 0 0 1 1 0 1 0 0 1 0 0 0 1 0 1 0 0 0 0 1 1 0 1 0 0 1 0 1 0 1 1 1 1 0 1 1 0 0 0 0 1 0 1 1 0 0 1 1 1 0 1 1 0 1 0 1 1 0 0 0 0 1 0 0 0 0 0 0 1 1 1 0 1 1 0 0 0 1 1 1 1 1 1 1 1 1 0 1 1 0 0 1 1 0 1 1 1 1 0 1 1 1 1 1 1 1 0 0 0 1 0 1 0 0 1 0 1 0 1 0 1 0 0 0 0 0 0 1 1 1 1 0 0 0 0 1 0 1 1 1 1 0 0 0 1 0 0 1 0 1 0 1 1 1 1 0 0 1 0 0 0 1 0 1 1 1 0 0 1 0 0 0 0 0 
49 21 1 0 0 0 1 1 1 0 1 1 1 1 1 0 0 1 1 0 0 0 0 0 0 1 0 0 1 0 0 0 0 1 0 1 1 1 1 0 0 1 1 1 0 0 0 1 0 1 1 1 0 1 1 0 1 0 1 0 1 1 1 1 0 1 0 1 1 1 1 0 1 0 0 1 1 1 0 0 0 0 1 0 1 1 0 1 1 0 1 0 0 1 0 0 1 0 1 1 0 0 0 1 1 1 0 0 0 0 1 1 0 0 0 1 1 0 0 1 1 1 1 0 0 0 1 0 0 1 0 0 1 0 0 0 0 0 1 0 0 0 1 0 0 1 0 1 1 0 0 1 1 1 1 1 0 1 0 0 0 1 0 0 0 1 1 1 1 0 1 0 0 0 1 0 1 0 0 1 0 0 1 0 0 0 0 0 1 1 0 1 0 0 0 0 0 1 1 0 1 1 1 0 0 1 1 1 1 1 1 1 1 0 0 0 1 0 1 0 1 0 1 1 0 1 1 0 0 1 1 1 1 1 0 1 1 0 1 0 0 0 1 0 1 0 1 0 1 0 1 0 1 1 1 0 1 1 1 1 1 1 0 0 1 1 1 0 1 1 0 1 1 1 0 1 0 0 0 0 1 1 0 0 1 1 0 1 0 0 1 0 0 0 0 1 1 0 0 1 1 0 0 0 1 
50 11 0 1 1 1 0 1 1 0 0 0 0 1 0 0 0 0 0 0 0 1 0 1 0 1 1 0 0 1 1 0 0 0 0 1 0 1 1 0 0 1 1 1 1 0 0 0 1 0 0 1 0 1 1 0 0 1 1 0 0 0 0 0 1 1 1 1 1 1 0 1 1 1 0 1 1 1 0 0 0 0 0 0 0 0 1 0 0 1 1 0 1 1 0 0 0 0 0 0 1 1 1 1 1 1 1 0 0 1 1 0 0 1 0 0 1 1 1 0 1 0 0 0 1 1 0 1 1 0 0 1 0 0 1 0 1 0 0 1 0 1 0 1 0 0 0 0 1 0 1 1 0 1 1 0 0 1 0 0 0 1 1 1 0 0 1 1 1 0 0 1 0 1 0 0 1 0 0 0 0 0 1 0 1 0 1 0 1 1 0 0 0 0 1 0 1 1 0 1 1 0 1 0 0 0 0 1 0 1 0 1 0 1 0 0 0 0 1 0 1 1 0 0 0 1 1 0 1 1 1 0 0 1 1 1 1 0 1 0 1 1 1 0 1 1 0 1 1 1 1 1 1 1 0 0 0 0 1 0 1 0 1 0 1 0 0 0 0 1 0 1 1 0 1 0 1 1 0 1 0 1 0 1 1 1 0 1 0 0 0 1 1 1 1 0 1 1 0 0 1 1 1 0 0 
