50 11 314 16 1
1 1 0 0 1 0 0 1 1 1 1 0 0 1 0 0 1 1 1 0 1 0 0 0 1 1 1 1 0 0 1 0 0 1 0 0 1 1 0 0 1 0 0 0 1 1 1 0 1 1 1 0 0 0 1 1 0 0 0 1 1 1 1 0 0 0 1 0 0 1 1 0 0 1 0 0 0 0 1 1 1 0 0 0 1 1 1 1 0 1 1 1 0 0 1 1 1 1 0 0 1 1 1 1 1 1 0 0 1 0 0 1 0 0 0 1 1 1 0 1 1 0 1 0 1 0 1 1 0 0 0 0 1 0 0 0 1 0 1 0 1 0 1 0 1 1 1 0 1 1 1 0 1 0 1 0 1 0 0 1 0 0 1 0 0 0 1 0 1 1 0 0 0 0 0 1 1 0 1 1 0 1 0 1 0 0 0 1 1 1 0 1 1 1 0 1 0 1 1 1 0 0 0 1 0 0 1 1 1 0 0 1 1 1 1 1 0 1 1 1 1 0 0 0 0 1 1 0 1 0 1 0 1 0 1 0 0 1 1 1 1 0 0 0 0 1 1 1 1 0 0 0 0 1 0 0 1 0 0 0 1 1 0 0 0 0 0 1 0 1 0 0 1 0 1 1 1 1 0 1 0 0 1 1 0 1 1 0 1 0 0 1 1 0 1 1 1 0 1 0 0 0 0 1 0 0 0 1 0 1 1 1 0 1 1 0 
2 8 0 0 0 1 0 0 0 1 1 1 1 1 0 0 1 0 0 1 1 1 1 0 0 1 0 1 0 1 1 0 1 1 1 1 1 1 0 1 0 1 1 1 1 1 1 1 1 0 0 1 0 1 0 1 0 0 0 0 0 0 1 0 1 1 1 0 1 0 1 0 0 0 1 1 0 1 0 1 0 0 0 0 1 0 0 1 0 1 1 0 1 1 1 0 1 1 0 0 0 0 0 1 1 0 1 1 1 0 1 1 0 1 0 1 0 1 0 0 0 1 1 0 1 1 0 1 0 1 0 1 1 1 1 0 1 1 1 1 0 0 1 0 0 1 0 1 1 0 1 0 0 1 0 1 0 1 1 0 1 1 1 0 0 0 1 0 0 0 0 0 1 1 1 1 0 0 0 0 1 0 0 0 0 0 0 1 1 1 0 0 0 0 1 1 0 0 0 1 0 1 0 1 1 1 1 0 0 1 1 0 1 0 1 0 1 1 1 1 0 1 0 1 0 0 0 1 0 1 0 1 0 1 0 1 1 1 1 1 0 0 0 1 0 0 1 1 0 0 0 1 1 1 1 0 0 1 0 1 0 1 1 1 0 1 0 1 0 1 0 0 0 0 1 0 0 0 0 1 1 1 1 1 0 1 0 1 0 0 0 1 1 0 1 0 1 1 0 0 0 0 1 1 1 1 0 0 0 1 0 1 0 1 0 0 
3 3 0 1 1 1 1 1 0 1 0 0 0 0 1 1 1 0 1 1 0 0 0 0 0 0 1 1 1 0 1 1 0 1 1 0 1 1 0 0 0 0 0 1 1 0 1 0 0 1 0 1 1 1 0 1 1 0 0 1 1 0 1 0 1 1 0 0 1 1 1 1 0 1 1 1 1 0 1 1 1 0 0 1 0 1 1 0 1 0 1 0 1 1 1 1 1 0 1 1 1 0 1 1 0 0 0 0 1 0 1 1 0 0 0 0 1 0 0 1 0 0 0 1 1 0 1 1 1 1 0 1 0 0 0 1 0 0 0 1 1 0 0 0 0 1 1 0 0 1 0 0 1 0 1 0 1 1 1 0 1 0 1 1 1 0 1 1 1 0 1 0 1 1 1 1 1 1 1 1 0 1 1 0 1 0 0 0 0 0 0 0 1 1 0 0 0 0 0 0 0 1 1 1 1 1 0 1 0 0 1 0 1 1 0 1 0 0 0 0 0 1 0 1 1 0 0 1 1 0 0 0 1 0 0 1 1 0 0 1 0 0 1 1 0 1 1 0 1 1 1 1 1 0 0 0 1 1 0 1 1 0 1 1 0 0 0 0 1 0 0 0 0 0 0 0 1 1 1 0 1 0 1 1 1 0 0 0 1 0 0 1 1 0 0 1 1 0 1 1 0 0 0 0 0 1 0 0 1 0 0 1 1 1 0 0 
4 9 0 1 1 0 0 1 1 0 1 0 1 1 1 1 0 0 0 0 0 1 0 0 1 0 1 1 0 1 1 1 1 0 0 1 0 1 1 1 0 0 1 1 0 1 1 1 1 1 1 0 0 0 1 1 0 0 1 0 1 1 1 1 1 1 1 0 0 0 1 0 0 0 1 1 1 0 0 0 0 0 0 0 1 0 0 1 1 1 1 1 0 1 0 1 0 0 0 1 0 0 0 0 0 1 0 0 1 1 1 0 1 0 1 1 1 0 0 0 1 0 0 0 1 0 1 1 1 1 1 1 0 0 0 1 1 0 0 0 1 0 1 1 0 0 0 0 1 0 1 0 1 1 1 1 1 1 1 0 0 0 1 1 0 0 1 0 0 0 1 1 0 0 0 0 1 0 1 1 0 1 0 1 1 0 1 0 1 0 0 0 0 1 1 0 0 0 0 0 0 1 0 1 0 1 1 0 1 1 0 1 1 0 1 1 1 0 1 1 0 1 1 0 0 1 1 1 0 1 0 0 0 1 0 0 0 0 1 1 1 0 0 0 0 0 0 1 0 1 0 1 1 1 1 1 1 0 1 0 0 1 0 0 1 1 0 1 0 0 0 0 0 0 1 0 1 0 1 1 0 0 1 0 1 1 1 1 1 1 0 0 0 1 1 0 0 0 0 0 1 1 1 0 1 1 0 0 0 0 1 1 0 0 0 0 
5 10 0 1 0 0 1 0 1 0 1 1 1 0 0 1 1 0 0 0 0 1 0 0 0 0 0 0 0 1 0 1 0 0 1 0 1 1 1 1 0 0 1 0 1 1 1 1 1 1 1 1 0 1 0 0 1 0 0 0 1 1 0 0 1 1 1 0 0 1 0 1 1 1 1 0 1 0 1 1 1 0 0 0 0 1 1 0 1 1 1 1 1 0 0 1 1 1 1 1 0 1 1 1 1 0 1 0 1 0 0 1 1 0 0 0 1 0 0 0 1 0 0 1 1 1 0 1 1 0 0 0 1 0 1 0 1 1 0 0 0 0 0 0 0 1 0 0 1 1 1 0 0 1 0 1 1 0 1 0 1 1 1 1 0 1 1 1 1 0 1 0 0 0 1 0 1 0 1 1 1 1 1 0 0 0 0 0 1 1 0 0 1 0 1 1 0 1 0 0 1 0 1 0 1 0 0 1 1 0 0 1 1 1 0 0 0 0 0 1 0 1 0 0 0 1 1 0 1 1 0 0 1 0 1 1 1 0 1 0 1 1 1 0 1 1 1 0 0 1 0 1 0 0 0 0 1 1 0 1 0 1 0 1 1 0 1 1 0 1 1 0 0 1 1 1 1 0 0 0 0 1 0 0 1 0 1 1 1 1 0 1 0 1 1 1 1 0 1 0 1 0 0 0 0 0 0 0 0 1 1 0 1 1 1 0 
6 6 0 0 0 1 1 1 0 0 0 1 0 0 1 0 0 1 0 1 0 1 1 0 0 0 1 0 0 0 0 0 1 1 0 1 0 0 0 1 1 0 0 0 1 1 1 1 1 0 0 1 1 0 1 0 1 1 1 1 1 1 1 1 1 1 0 0 1 1 1 1 1 1 0 1 1 0 0 1 0 0 1 0 1 0 1 0 1 0 0 1 0 0 0 0 1 0 0 1 0 0 0 1 0 1 1 0 0 1 0 1 0 0 0 1 1 1 0 0 0 0 0 1 0 0 0 0 0 1 0 0 1 1 0 0 1 0 0 1 0 0 0 0 1 1 1 1 1 1 1 0 0 1 1 0 1 1 1 1 0 1 0 1 1 0 0 0 0 1 0 0 1 1 1 1 0 1 0 0 1 1 1 1 1 1 1 0 0 1 1 1 1 1 1 0 0 1 0 1 1 1 1 0 0 0 0 0 0 0 1 1 0 1 1 0 0 1 1 1 0 1 1 1 1 0 0 0 1 0 1 0 1 0 0 0 1 1 0 0 0 1 1 1 0 1 0 1 1 1 0 1 0 1 0 1 1 1 0 1 0 1 0 1 0 0 1 0 0 1 1 0 1 1 1 1 1 1 0 0 0 1 1 1 1 0 0 0 1 1 1 1 1 1 1 0 0 1 0 1 1 0 1 1 0 1 0 1 1 1 0 0 0 1 1 1 
7 2 1 0 0 1 1 0 1 0 0 0 1 0 0 0 1 0 1 0 0 1 0 0 0 1 1 0 0 1 0 0 1 1 0 1 1 1 0 0 0 1 0 1 1 1 0 1 0 0 0 0 1 1 1 1 1 0 1 1 0 0 0 0 1 0 0 0 0 0 1 1 0 1 0 0 0 0 1 1 0 0 0 0 0 0 0 1 1 0 0 0 1 0 1 0 1 1 1 0 1 0 1 1 1 1 0 0 1 1 0 0 0 1 0 1 0 0 1 1 0 0 1 1 1 1 1 0 1 1 0 0 1 0 0 1 0 1 0 0 1 0 0 0 1 1 0 0 1 1 0 1 1 0 0 0 1 1 1 1 0 1 1 0 0 0 1 1 1 1 0 1 1 1 1 1 0 0 1 0 1 1 0 0 1 0 0 0 1 0 0 1 1 0 0 1 1 0 0 0 1 0 0 1 0 0 0 1 1 1 1 0 0 1 1 1 0 0 0 0 1 0 0 0 1 1 0 0 0 0 1 1 0 1 0 0 1 1 0 1 0 0 1 0 1 0 1 1 0 0 0 1 1 0 1 1 0 0 1 1 1 1 1 0 1 1 0 0 1 0 1 1 0 1 0 1 0 0 1 1 1 0 0 0 0 0 0 1 0 1 0 1 0 1 0 1 1 1 0 0 1 0 1 1 0 0 1 0 1 1 1 0 1 1 1 0 
8 5 0 1 0 0 0 1 0 0 1 0 0 0 1 0 0 0 0 1 0 1 0 0 0 0 0 0 0 1 0 0 0 0 0 1 1 0 0 1 1 1 0 1 1 0 1 0 0 1 1 1 1 0 0 0 0 0 0 0 0 0 1 1 1 0 0 0 0 1 1 0 0 0 0 0 1 0 1 1 1 0 0 1 1 1 1 1 0 0 0 0 0 1 1 1 0 1 1 0 0 1 1 1 1 1 0 0 1 0 0 0 1 1 1 0 1 0 1 1 0 1 1 0 0 1 0 0 0 0 0 1 0 1 1 1 1 1 1 1 0 1 1 0 0 0 0 0 1 0 1 1 1 0 0 1 0 0 0 0 1 0 1 1 0 1 0 0 1 1 0 1 1 1 0 0 1 0 1 1 1 0 1 1 1 0 0 1 0 1 0 0 0 0 1 0 1 0 0 1 1 1 1 0 1 1 0 1 1 0 1 0 0 1 1 0 0 0 0 1 1 0 0 0 1 0 0 0 1 1 0 0 1 0 1 0 0 0 0 0 0 0 1 0 1 1 0 0 0 0 1 1 1 1 0 0 0 1 0 1 0 0 0 0 1 1 1 0 0 0 1 1 1 1 1 1 0 0 1 1 0 0 1 0 1 0 0 0 1 0 0 0 0 0 1 0 0 0 1 1 0 1 0 1 0 0 1 1 0 1 1 1 1 1 1 1 
9 11 1 0 1 0 1 0 0 0 1 0 0 1 1 0 0 1 1 1 0 0 1 0 0 0 1 0 0 0 0 0 0 1 0 0 1 0 0 1 1 1 0 1 0 0 1 1 1 0 0 0 0 1 1 1 0 1 1 1 1 1 1 1 1 1 1 1 0 1 0 0 1 1 0 0 0 0 0 0 1 1 0 1 1 1 0 1 0 1 1 0 0 1 1 1 1 0 0 1 0 0 0 1 0 0 1 0 1 1 0 0 0 0 0 1 1 1 0 1 1 0 1 1 0 1 1 0 1 1 1 0 1 0 0 0 1 1 1 0 1 1 1 1 1 0 1 1 1 1 1 1 0 1 1 1 0 1 0 0 0 1 0 0 1 1 1 1 0 1 1 1 0 1 0 0 0 0 0 1 0 0 0 1 1 1 1 1 1 1 1 1 1 1 0 1 0 1 0 0 1 1 1 0 0 1 0 1 0 1 0 0 1 1 0 1 0 1 1 1 1 0 1 0 1 0 0 0 1 0 1 1 0 0 0 1 1 0 0 0 0 0 1 1 1 1 1 0 1 1 1 0 1 1 0 0 0 1 0 0 0 0 1 1 0 0 0 0 0 0 1 1 0 0 1 0 0 0 1 1 0 0 1 0 0 0 1 0 0 1 1 1 1 0 0 1 1 1 0 1 1 0 0 1 0 1 0 1 0 0 0 0 1 0 1 1 
10 7 1 1 0 0 0 0 1 1 0 1 0 0 0 0 1 1 1 1 0 1 1 0 1 1 0 0 1 0 0 1 1 1 0 1 0 1 0 0 0 1 0 1 1 1 0 0 1 0 1 0 0 1 1 0 0 0 1 1 0 1 0 1 1 1 0 1 0 0 0 1 1 0 1 0 0 0 0 1 0 1 0 1 0 1 0 1 1 1 1 0 1 0 0 1 0 1 1 1 1 1 1 0 1 0 1 1 0 0 0 1 0 0 0 1 0 0 1 0 0 0 1 0 1 1 1 1 1 0 0 0 1 1 1 0 1 1 1 1 0 0 1 1 0 1 0 1 1 0 0 0 0 0 1 0 1 0 1 1 0 1 1 0 1 0 0 1 1 0 1 1 1 1 0 0 1 1 1 0 1 1 0 0 0 1 0 0 0 1 1 1 0 1 1 0 1 1 1 1 1 1 1 0 0 1 0 1 1 0 1 0 1 0 1 0 0 0 1 1 0 1 0 1 0 0 0 0 1 1 0 0 1 0 0 0 1 0 1 1 1 1 1 1 0 0 1 0 0 1 0 0 1 0 1 0 1 0 0 0 0 1 1 0 1 1 0 1 1 1 1 1 0 0 0 0 1 0 1 0 1 1 1 1 0 1 0 1 1 0 1 1 1 0 0 0 0 1 1 1 0 0 1 1 1 1 1 0 0 1 0 0 0 1 1 1 
11 4 0 0 0 1 1 0 1 1 1 1 1 1 1 1 0 1 0 1 0 0 1 0 1 0 1 0 0 1 0 0 0 1 0 1 1 1 1 0 0 0 1 0 1 1 1 0 0 0 1 0 1 0 0 1 0 1 1 1 1 0 1 1 1 0 1 1 1 0 1 0 1 0 0 0 1 1 0 0 1 1 1 1 1 0 0 1 0 0 1 1 0 0 0 0 0 1 0 0 1 0 0 1 1 0 1 1 1 0 1 0 1 1 1 1 0 1 0 0 0 1 0 0 1 0 1 0 0 1 0 0 0 0 0 0 1 1 1 1 1 1 0 0 0 1 1 0 1 1 1 1 1 1 0 0 0 0 0 0 1 0 1 1 0 0 0 1 1 0 0 1 0 0 0 0 1 0 0 1 1 1 0 0 0 1 0 1 1 0 1 0 1 1 1 0 1 1 1 0 1 0 0 1 1 1 0 0 1 1 0 1 1 1 0 0 0 1 0 1 0 1 0 0 1 0 0 1 1 1 0 1 1 0 0 1 1 1 0 0 1 1 1 1 0 0 0 0 0 0 1 1 1 0 1 1 0 0 0 1 1 1 0 1 1 1 0 1 0 1 0 0 0 1 0 1 1 0 0 0 1 0 0 0 0 1 0 1 0 1 0 1 1 0 1 1 1 1 0 0 0 0 1 1 0 1 0 1 1 1 0 0 0 1 1 0 
12 6 0 1 0 0 1 1 1 1 0 0 1 0 0 0 1 0 0 1 0 0 0 0 0 1 0 0 1 0 0 0 0 1 0 0 0 0 1 0 1 0 1 0 0 1 0 1 0 1 0 0 0 1 1 1 1 0 0 0 0 0 1 1 0 1 1 1 0 1 0 0 1 0 1 1 1 1 0 1 1 0 1 1 1 1 1 0 0 1 1 0 0 0 1 1 0 0 1 0 0 0 0 0 1 0 0 0 0 1 0 1 0 1 1 0 0 1 1 1 1 1 0 0 1 0 1 1 0 1 1 1 1 0 1 1 0 0 1 0 0 0 0 1 0 0 0 0 1 1 0 1 1 0 0 0 1 1 0 1 1 1 1 0 0 1 1 1 0 1 1 0 0 0 1 1 0 1 1 1 0 0 0 0 1 0 1 1 0 0 0 0 1 1 1 0 0 0 1 1 1 1 0 0 0 0 0 0 1 1 1 1 0 1 1 0 0 0 0 1 0 0 1 0 1 1 1 1 0 0 1 1 0 0 1 0 0 0 0 1 0 0 1 0 1 0 1 1 0 1 1 1 0 1 1 1 0 0 0 1 0 1 0 1 0 0 0 0 1 0 1 1 0 0 1 1 0 1 1 1 1 1 0 0 1 0 1 0 0 1 0 0 1 0 1 1 1 1 1 0 1 1 0 0 0 1 0 0 1 0 0 1 1 1 1 0 
13 6 0 0 0 0 0 1 0 0 1 0 1 0 0 0 1 0 0 1 1 1 1 0 1 0 0 1 1 0 1 1 1 1 0 0 1 0 0 0 1 0 1 0 1 0 1 0 0 0 1 1 0 0 1 0 0 0 1 1 1 1 0 0 0 1 0 0 0 1 0 0 1 1 1 1 1 0 0 0 1 0 1 1 1 1 0 1 1 0 1 1 0 1 0 0 1 1 0 1 0 1 0 1 0 1 1 0 1 0 1 1 1 1 1 0 1 0 1 1 1 1 1 0 0 0 0 1 1 0 0 0 1 0 1 1 1 1 1 1 0 0 1 0 1 1 1 1 0 0 1 0 1 1 1 1 1 0 1 0 0 0 0 0 0 1 0 1 1 0 0 1 1 1 1 0 0 0 0 1 0 1 1 1 1 1 1 0 1 0 0 0 0 1 0 0 0 0 0 0 0 0 1 0 1 1 1 0 0 0 1 0 1 0 1 1 1 0 1 1 0 0 0 0 0 1 0 0 1 0 0 0 0 1 1 1 1 0 0 0 0 0 1 1 1 1 1 0 1 1 1 0 1 0 0 0 1 1 0 0 0 1 1 0 1 0 1 1 1 1 1 0 1 1 0 1 0 1 0 0 1 0 1 1 0 0 1 1 1 1 0 0 0 1 1 1 0 0 1 0 1 1 0 1 0 1 0 1 0 0 0 1 0 1 1 0 
14 3 1 0 0 0 1 0 1 1 1 0 1 0 1 1 0 1 0 0 1 1 1 0 0 1 0 0 1 0 0 0 0 0 1 0 0 0 0 1 0 0 0 1 0 1 0 0 0 1 0 1 1 0 1 0 0 0 0 0 0 0 1 0 1 1 0 1 0 0 1 0 0 1 0 0 0 1 0 1 1 0 1 0 0 0 1 1 0 0 0 0 1 0 1 0 0 1 0 1 1 0 1 0 0 0 0 1 0 1 0 0 1 0 0 1 0 1 0 1 0 1 1 1 0 0 0 0 1 0 0 1 1 0 1 1 0 0 0 1 0 1 1 0 0 0 1 1 0 1 0 1 1 1 1 0 0 0 1 1 1 1 0 0 1 1 0 0 0 1 1 1 0 1 1 1 0 0 0 1 0 0 0 1 0 0 1 0 0 0 0 1 0 1 0 0 0 0 0 0 0 0 1 0 0 0 1 1 0 1 0 0 1 0 1 0 0 1 1 1 1 0 0 0 0 1 0 0 1 1 1 0 0 0 1 0 1 0 0 1 0 0 0 1 0 0 0 1 1 1 0 0 0 1 1 0 1 0 0 0 1 0 0 1 0 0 0 1 0 1 0 1 1 1 1 1 1 0 1 1 0 0 0 0 1 1 1 1 0 0 0 1 0 1 0 0 0 1 0 1 0 1 0 0 1 1 1 0 0 0 0 1 1 1 1 1 
15 1 0 1 0 0 1 0 1 0 0 1 0 1 0 0 0 0 0 0 1 0 0 0 0 0 1 1 1 0 0 0 1 0 0 0 1 1 0 1 0 1 0 1 1 1 1 1 1 0 1 1 1 1 0 0 1 1 0 0 1 1 0 0 0 1 0 1 1 0 1 0 1 1 1 1 0 0 0 0 0 1 1 0 0 1 1 0 1 0 0 0 0 0 0 1 0 1 0 1 0 0 1 1 1 1 0 0 1 0 1 0 1 0 1 0 0 0 0 1 1 0 1 0 0 1 0 1 1 1 1 0 1 1 1 0 0 0 1 0 1 1 1 0 1 0 0 1 0 1 1 0 0 0 1 0 0 1 1 1 0 0 0 0 0 1 1 0 0 1 1 0 1 0 0 1 0 1 1 0 1 0 1 0 1 0 0 1 0 1 1 0 1 0 1 0 0 1 0 1 1 0 1 0 0 0 0 0 1 0 1 1 1 1 1 1 1 0 1 0 1 0 1 0 1 0 0 1 0 1 0 1 0 1 1 0 0 0 1 1 1 0 1 1 0 0 0 0 0 1 1 0 0 1 1 0 1 0 1 0 1 1 1 0 1 0 1 1 1 1 0 1 1 0 0 1 1 1 1 0 1 0 0 0 1 1 0 1 1 0 1 1 0 0 1 1 1 0 0 1 1 0 1 1 0 1 1 0 0 0 1 1 1 1 1 0 
16 6 0 0 1 1 1 0 1 1 0 0 1 0 0 0 0 0 1 0 1 1 1 0 0 1 1 1 1 0 0 1 0 0 0 1 1 1 1 0 1 1 0 1 0 0 1 0 1 0 1 1 1 0 0 0 1 1 0 1 0 0 1 1 0 0 0 1 0 0 1 1 1 1 1 0 0 1 0 0 1 1 1 1 0 0 1 0 1 1 1 1 1 1 0 0 0 1 1 1 0 0 1 0 1 0 1 0 0 1 1 0 0 1 1 1 0 0 1 1 0 0 1 0 0 1 0 1 1 0 1 0 1 0 0 0 1 1 0 1 1 0 1 1 1 1 1 0 0 1 1 0 1 1 0 1 1 1 1 1 1 0 0 1 1 1 1 1 0 1 0 0 1 0 0 0 1 1 1 0 0 1 1 0 0 1 1 1 0 0 1 0 0 1 1 1 1 1 1 1 0 0 1 0 1 0 0 1 1 1 1 1 1 0 1 0 0 0 0 0 1 0 0 0 0 0 1 1 0 0 1 1 0 1 1 1 0 0 1 0 1 0 1 1 0 1 1 1 0 1 0 0 1 1 1 1 1 0 0 1 0 1 0 1 0 1 1 1 1 1 1 1 1 0 0 1 0 0 0 1 0 0 0 0 1 0 0 0 0 1 0 0 1 1 1 1 1 0 1 1 0 1 0 1 0 1 0 1 0 1 0 1 1 0 1 0 
17 3 0 0 0 0 0 0 0 0 1 1 0 0 1 0 0 1 0 0 0 0 1 0 0 1 1 0 1 1 1 0 1 0 0 0 1 0 1 1 1 0 0 1 1 0 0 0 0 1 1 0 0 1 1 1 1 1 1 1 0 0 1 0 1 0 0 1 1 0 1 1 1 1 0 1 0 1 0 0 0 0 0 1 1 0 1 1 1 1 0 1 0 0 1 1 1 0 0 0 0 0 0 1 1 0 0 1 0 0 1 1 1 1 0 0 0 0 0 1 0 1 0 0 1 0 1 1 0 0 1 0 0 1 1 0 1 0 0 0 0 0 0 0 0 1 1 1 1 1 1 1 0 1 0 1 1 1 0 1 0 1 0 1 1 0 0 0 0 1 0 0 0 0 1 0 1 0 1 1 1 1 1 0 1 0 1 0 1 1 0 0 0 0 0 1 0 1 1 0 1 0 1 1 1 0 0 0 0 0 0 1 0 1 0 0 0 0 1 0 0 1 1 0 0 1 0 1 0 1 0 0 1 0 0 1 1 0 0 0 1 1 0 1 0 1 0 1 1 0 0 0 0 1 1 0 1 0 0 1 0 0 0 1 1 0 1 1 0 1 0 1 1 1 0 1 0 1 0 1 0 1 1 1 0 0 1 0 0 0 1 1 1 1 1 0 1 0 1 0 1 1 1 0 1 0 0 1 1 1 0 0 1 1 0 0 
18 9 0 1 0 1 1 1 0 1 0 0 0 1 0 0 0 1 0 0 0 1 0 0 0 1 1 0 0 0 1 0 0 1 0 1 1 0 1 1 0 1 1 1 0 0 0 1 0 1 0 0 1 0 0 1 1 0 1 0 1 1 0 0 1 1 1 1 1 1 1 1 0 1 1 1 1 1 0 1 1 1 0 1 1 1 0 1 0 0 1 0 0 1 1 1 1 1 1 0 0 0 0 0 1 0 0 0 0 0 0 1 1 0 1 1 0 0 0 0 1 1 1 1 1 0 0 0 1 1 1 0 0 1 0 1 0 1 1 0 1 0 0 0 0 1 1 1 0 1 0 1 0 1 1 1 0 0 0 0 0 0 0 1 0 1 1 1 1 1 1 0 1 0 0 1 0 1 0 1 1 1 0 0 1 0 0 1 1 0 0 0 0 1 0 0 1 0 0 1 1 0 0 1 1 0 0 1 1 1 0 1 1 0 0 1 0 0 0 1 1 0 1 1 1 0 0 0 1 0 1 0 1 1 1 1 1 0 1 0 1 1 0 1 0 1 0 1 0 1 1 0 0 0 0 1 0 0 0 0 0 0 1 0 0 1 0 1 1 0 1 0 0 1 0 0 0 1 1 1 0 0 0 1 1 1 0 1 1 1 0 1 1 0 0 1 0 1 0 1 0 0 0 1 0 0 0 1 1 0 0 0 1 1 0 0 
19 5 0 0 0 1 0 1 1 1 0 0 0 1 1 1 0 1 0 1 1 1 1 0 0 1 1 0 1 1 0 1 0 1 1 1 1 0 0 0 0 1 0 1 1 0 0 1 0 1 1 1 0 1 1 0 0 1 0 1 0 1 0 1 0 0 0 1 0 1 1 0 1 0 1 0 1 0 0 1 0 1 0 1 1 1 1 0 1 1 1 0 0 1 1 1 1 0 0 0 0 0 1 1 1 0 0 1 1 1 0 0 0 0 0 1 1 1 1 1 0 0 0 1 0 1 1 0 0 0 1 1 0 0 1 0 0 1 0 0 0 0 0 0 0 1 0 1 1 0 1 0 0 1 0 0 0 0 0 0 0 1 0 1 0 1 1 1 1 1 1 1 1 1 0 0 1 0 1 0 0 1 0 1 0 0 0 1 1 1 0 1 1 1 1 0 1 0 1 0 1 0 1 0 1 0 1 0 0 0 1 0 1 1 1 1 0 1 0 1 0 0 0 0 1 1 0 1 1 1 0 1 1 1 0 0 1 0 0 0 1 0 1 0 1 1 0 1 0 1 1 1 0 1 1 1 0 1 1 0 1 1 0 0 0 0 0 1 0 1 0 0 0 1 1 1 1 1 0 0 0 0 1 0 0 0 1 0 1 0 1 0 1 1 0 0 1 1 1 1 1 1 0 1 0 0 1 1 1 1 0 1 0 0 0 0 
20 4 0 0 1 0 0 0 0 0 1 0 1 1 1 1 1 1 0 1 1 1 0 0 0 0 0 1 0 0 0 1 1 1 0 1 1 0 0 0 0 0 0 0 1 0 0 1 0 1 0 1 0 0 0 0 0 1 1 1 1 1 1 1 1 0 1 0 1 1 0 0 1 1 1 1 1 0 0 1 1 0 0 0 1 1 0 0 0 1 1 0 0 1 1 0 0 1 1 0 0 1 0 0 1 0 1 1 1 0 0 1 0 0 0 0 0 0 0 1 0 1 1 1 0 0 1 0 1 1 1 1 0 0 0 1 1 0 1 1 0 1 1 0 0 1 1 0 0 1 0 0 0 0 0 1 1 0 1 0 0 0 0 1 0 1 0 1 1 1 1 0 0 1 1 0 1 1 1 1 1 1 0 0 0 1 0 1 1 1 1 1 0 0 0 1 0 0 0 0 1 0 0 0 1 0 1 0 1 0 1 0 1 1 1 0 0 1 1 0 1 1 1 0 1 0 1 1 1 0 0 1 0 0 0 0 0 0 0 0 1 0 0 0 0 0 1 0 1 1 1 0 1 0 1 0 1 1 1 0 1 0 1 0 0 1 1 0 0 1 0 0 0 1 0 0 1 1 0 0 1 0 1 0 0 1 0 1 0 1 0 0 0 1 1 1 0 1 0 0 0 0 0 1 1 0 1 0 1 0 0 1 1 1 0 0 
21 8 0 0 1 0 0 1 1 0 1 1 1 0 0 0 1 0 0 1 1 1 1 0 0 0 0 1 0 0 1 0 1 0 1 0 1 0 1 1 1 0 0 1 0 0 0 0 0 0 1 0 0 0 1 0 0 1 1 1 0 0 1 0 0 1 1 1 0 0 1 1 0 1 1 1 0 1 1 0 0 0 1 0 0 1 0 1 1 1 0 0 1 0 1 0 0 0 1 1 0 0 0 1 0 0 1 1 0 1 1 1 1 0 0 1 0 0 0 0 0 0 0 1 0 1 1 0 0 0 1 1 1 0 1 0 1 0 0 0 1 1 0 0 0 1 1 1 1 1 0 1 0 1 1 1 0 0 1 1 1 0 0 0 1 1 1 1 0 1 1 1 0 0 0 0 0 0 0 0 0 0 0 0 1 0 1 0 0 1 0 1 0 1 0 0 0 0 1 1 0 0 0 1 1 0 0 0 0 0 0 0 0 1 0 0 1 1 0 1 0 0 1 1 1 1 1 0 1 1 1 1 0 0 0 1 1 1 0 0 1 0 0 1 1 1 0 0 1 1 0 1 0 0 0 0 1 1 0 1 1 1 1 1 0 0 0 1 1 0 1 1 1 1 0 0 0 0 1 1 1 0 1 0 1 0 1 0 1 0 1 0 0 1 0 1 1 0 0 0 1 1 0 1 1 1 1 1 0 1 1 1 1 0 1 0 
22 5 1 1 0 0 0 1 1 0 0 1 0 1 1 1 1 1 0 0 0 0 1 0 0 1 0 1 0 1 0 0 1 1 1 1 0 0 1 0 1 0 1 1 0 0 1 0 1 0 0 0 1 1 1 1 1 0 1 0 1 0 1 1 0 0 1 0 1 0 1 0 0 0 1 0 0 1 1 1 0 0 1 1 1 0 0 0 0 0 0 0 0 1 1 0 1 0 0 0 1 0 1 1 1 1 1 1 1 0 1 1 0 1 1 0 0 1 1 0 1 0 0 0 0 0 0 1 1 1 1 0 0 1 1 0 1 1 1 1 1 0 0 0 1 1 0 1 0 0 0 1 0 0 0 0 1 1 0 1 0 1 0 0 0 0 0 1 0 0 1 0 0 0 0 0 1 0 1 1 0 0 1 0 0 1 1 1 0 1 0 1 0 0 1 1 1 0 1 1 0 1 1 0 0 0 1 1 0 1 0 1 0 0 1 0 1 0 0 1 0 1 0 1 0 0 1 1 1 0 1 0 0 1 1 0 0 1 1 0 1 0 1 0 1 0 1 0 1 1 1 1 1 1 0 0 1 1 0 1 1 0 1 0 0 0 0 0 0 1 1 1 0 1 0 0 1 0 0 0 0 0 0 0 1 0 1 1 0 1 0 0 0 1 0 1 0 0 1 0 1 0 1 0 1 1 0 0 0 1 1 1 1 1 1 0 
23 7 1 0 1 0 0 1 1 0 0 1 0 0 1 1 0 0 1 1 1 0 1 0 1 0 1 1 0 1 1 1 1 1 1 1 0 1 0 0 0 0 1 0 0 1 1 0 1 1 0 0 0 1 1 0 0 0 0 0 0 1 1 1 0 1 0 1 0 0 0 1 1 1 1 0 0 0 0 0 1 1 1 0 0 1 0 0 1 1 0 1 1 0 1 1 1 0 0 0 0 0 0 0 1 0 0 0 1 1 1 0 1 0 0 1 0 1 1 1 0 0 1 0 1 0 1 0 1 0 1 0 0 1 1 1 0 0 0 0 1 1 1 0 1 1 1 0 0 1 0 1 0 1 1 0 0 0 1 0 1 1 1 0 0 0 0 1 1 1 1 0 1 0 1 1 1 0 0 0 0 0 0 1 0 1 0 0 1 1 1 0 0 1 1 0 1 1 1 1 0 0 0 0 1 0 0 0 1 1 0 0 0 0 1 0 0 1 0 0 0 0 1 1 1 0 0 1 0 1 0 1 0 0 0 1 1 1 0 0 0 0 1 0 0 0 1 0 1 0 1 1 1 1 0 0 1 1 1 1 1 1 0 1 1 0 1 0 0 0 0 1 0 0 0 1 0 1 1 1 1 0 0 0 1 1 1 1 1 1 1 1 1 1 0 0 0 0 0 1 0 0 1 0 0 1 0 0 0 0 0 1 1 0 1 0 
24 6 1 1 1 0 1 0 0 0 1 0 1 1 1 1 1 0 0 0 0 1 0 0 0 0 1 0 1 0 0 1 1 0 1 0 1 0 0 0 1 0 0 0 0 0 1 1 1 0 1 0 1 0 1 0 0 0 0 0 1 0 1 1 1 0 0 0 1 0 0 0 0 1 0 0 1 0 0 1 0 1 0 0 0 1 0 0 1 0 1 1 0 1 1 0 1 1 0 0 0 1 1 1 1 1 1 1 1 0 0 0 0 1 0 1 0 1 0 0 0 0 0 1 1 0 1 0 1 1 1 0 0 1 0 1 0 0 1 0 0 1 1 0 0 0 1 0 1 0 0 0 0 1 1 0 1 0 1 1 0 0 0 0 1 1 0 0 1 1 1 1 0 0 0 0 1 0 1 1 1 0 0 0 0 0 0 0 0 1 1 1 1 1 0 0 0 1 1 0 0 1 1 0 0 0 1 1 1 0 1 1 1 1 1 1 0 0 1 0 1 0 1 0 1 0 0 0 1 1 1 0 0 0 1 1 0 1 1 0 0 0 0 1 0 0 1 0 0 0 0 1 0 0 0 1 0 0 0 1 1 1 0 0 0 0 1 0 1 1 0 1 0 1 1 1 1 0 0 1 0 1 1 0 0 1 0 1 1 0 1 1 0 0 0 1 1 1 0 1 1 0 1 1 1 1 1 0 1 1 1 0 1 0 0 1 
25 5 0 0 0 0 1 0 1 1 0 0 1 0 0 1 0 1 0 1 0 1 0 0 1 0 1 0 0 1 0 0 1 0 0 1 1 0 0 1 1 0 1 1 1 0 0 1 0 0 1 0 1 0 1 1 1 1 1 0 1 0 0 0 1 1 1 1 1 1 1 1 1 0 0 0 0 1 1 1 0 1 0 0 0 1 1 1 1 1 0 0 1 0 0 1 1 0 0 0 0 0 0 1 1 0 1 1 1 0 1 1 0 1 0 1 0 1 0 1 1 1 0 0 0 1 1 1 1 1 0 0 1 0 0 0 1 1 1 0 1 1 1 1 1 0 0 0 1 1 1 1 0 0 1 1 1 0 0 0 0 0 1 0 0 0 0 1 0 0 0 1 0 0 1 0 0 0 1 0 1 0 1 0 0 1 0 1 0 1 1 0 0 0 0 0 1 1 0 1 1 0 1 0 0 0 0 0 1 1 1 1 1 1 1 0 0 1 1 1 0 1 1 0 1 0 1 0 0 1 1 0 1 0 1 0 0 1 1 0 1 0 0 1 1 0 1 1 0 0 1 0 1 1 0 1 0 1 0 1 1 1 0 0 1 1 1 0 0 1 0 0 1 0 0 1 0 1 1 1 0 1 0 0 1 0 0 1 1 0 1 1 1 0 0 0 0 0 0 1 0 1 1 0 1 1 1 0 1 0 0 0 0 1 1 0 
26 6 1 1 0 0 0 1 0 0 1 0 1 0 1 1 0 1 0 1 1 1 0 0 1 0 1 1 1 1 1 0 0 1 0 1 0 1 0 0 0 0 0 1 1 1 0 1 1 0 0 0 1 1 0 1 0 1 1 1 0 1 0 1 1 0 0 1 1 0 1 0 1 0 0 0 0 1 0 0 1 1 0 0 0 1 0 1 1 1 0 0 1 1 0 1 1 0 1 0 0 1 0 1 1 1 1 1 0 1 1 1 0 1 1 0 1 0 0 0 1 1 1 0 1 0 0 1 1 0 0 1 0 1 1 0 0 0 1 0 1 0 1 1 0 1 0 1 0 1 0 0 1 0 0 1 1 1 1 1 0 1 0 0 1 0 0 0 1 1 1 0 1 0 0 0 0 0 0 1 1 1 1 1 1 1 1 0 1 1 0 0 0 1 0 1 0 0 1 0 1 1 1 0 1 0 1 0 0 0 1 0 1 1 1 1 0 0 1 0 0 1 0 1 1 1 1 0 0 1 1 1 0 0 0 1 0 0 1 1 1 0 0 0 1 1 1 0 0 0 1 1 1 0 1 0 1 1 1 0 0 0 0 0 1 1 1 0 1 0 1 0 0 1 0 0 1 0 1 1 1 0 0 1 1 0 1 1 0 1 1 1 0 0 1 0 0 1 0 1 0 0 1 0 0 0 0 1 1 0 0 0 1 1 0 0 
27 7 0 1 0 1 1 1 0 1 1 0 1 0 1 0 1 1 0 1 0 1 1 0 1 0 1 1 1 0 0 0 1 1 1 0 1 1 0 1 1 0 0 0 0 1 0 0 1 0 1 1 0 0 0 0 1 0 0 1 0 1 0 1 1 0 1 1 1 1 1 1 0 1 0 0 0 1 0 0 1 1 0 1 1 1 0 0 0 1 0 1 0 1 0 1 0 1 0 0 0 0 1 1 0 0 1 1 1 0 0 0 1 1 1 0 0 0 1 0 1 1 1 0 0 1 0 0 0 0 0 1 0 1 1 1 0 0 1 0 1 1 0 1 0 1 0 1 0 1 1 1 1 0 1 1 1 1 1 1 0 1 0 1 1 1 1 0 1 1 1 0 0 0 0 1 1 1 0 1 0 0 1 1 0 0 0 0 1 1 0 0 1 0 1 1 0 1 1 0 1 0 0 1 0 1 1 0 1 0 1 0 1 1 0 0 1 0 1 0 1 1 0 1 0 1 0 0 0 1 1 0 1 1 1 1 0 0 1 1 0 1 0 1 0 0 0 1 1 0 1 0 0 1 0 0 1 0 1 1 1 0 1 0 0 1 0 0 0 1 0 0 1 1 0 1 1 1 0 1 0 1 1 1 1 0 1 0 1 1 0 0 1 0 0 0 1 1 1 1 0 1 1 1 0 1 0 1 0 0 0 0 1 1 1 1 
28 10 1 1 0 1 0 1 1 0 1 0 1 0 1 0 1 0 0 1 1 0 1 0 1 1 0 0 0 1 1 1 0 1 0 1 1 1 1 0 1 1 0 0 0 1 0 0 1 0 1 0 1 1 0 1 1 0 0 1 0 0 0 0 0 0 1 1 0 0 1 1 0 0 0 0 0 1 1 0 0 1 0 0 0 0 1 1 1 0 1 0 0 0 1 1 0 0 1 1 1 0 0 0 0 1 0 0 0 1 0 0 0 0 0 1 1 0 0 0 1 1 0 0 1 1 0 0 0 1 0 1 1 0 0 1 1 0 0 1 0 1 0 1 1 0 1 0 0 0 0 0 0 1 0 1 1 1 0 1 0 0 0 1 0 1 0 1 0 1 1 1 0 0 0 1 0 1 1 0 1 1 1 1 0 0 1 1 0 0 1 1 0 0 1 0 0 0 1 0 0 1 1 1 0 0 0 0 0 1 1 1 0 1 0 0 1 1 0 1 1 0 1 0 0 1 1 1 1 1 1 1 0 0 0 0 1 0 0 0 0 1 0 1 1 0 0 1 0 1 0 1 0 0 1 1 0 1 0 0 1 0 0 1 1 0 1 0 1 0 0 0 0 1 1 0 1 1 1 1 1 0 1 0 1 1 1 0 0 1 0 1 1 0 0 0 0 1 0 0 0 0 0 1 1 0 1 1 1 0 0 1 1 1 0 1 
29 1 1 0 1 1 0 0 1 0 1 0 1 1 0 0 0 0 1 1 0 0 0 0 1 0 1 1 1 0 1 1 0 1 1 0 0 1 0 0 0 0 1 1 0 0 0 1 0 0 0 0 0 0 0 0 0 1 1 1 0 0 1 1 1 1 1 1 0 0 0 1 1 1 1 0 0 0 1 0 0 1 0 1 0 1 0 1 0 1 0 1 0 0 1 1 1 0 1 0 0 1 1 0 1 0 0 0 1 0 1 1 1 1 1 1 1 0 1 0 0 1 1 0 1 0 1 0 0 0 0 0 1 1 1 1 0 1 0 1 1 0 0 0 1 0 0 1 1 1 0 1 0 1 1 1 0 1 1 0 1 1 0 1 1 0 1 0 0 1 0 0 1 0 1 0 1 0 0 0 1 0 1 0 0 0 1 0 0 1 1 0 1 1 1 0 0 0 1 1 0 1 1 1 0 1 1 1 1 0 0 1 1 0 0 0 1 0 0 0 1 1 0 0 0 1 1 0 1 1 0 1 1 1 1 0 0 1 1 0 1 1 1 0 0 1 0 1 1 0 1 0 0 1 1 1 1 0 0 0 0 0 1 0 1 0 0 1 1 0 1 1 0 1 0 1 1 1 0 1 0 0 0 0 0 0 1 0 0 1 0 1 0 1 1 1 0 1 1 0 0 0 1 1 1 0 1 1 0 0 0 0 0 0 1 0 
30 8 0 1 1 0 0 1 1 1 1 1 1 0 0 0 1 0 1 0 0 1 1 0 0 1 0 1 1 1 0 1 1 1 1 0 0 0 1 0 0 0 1 0 1 1 0 1 0 0 1 0 1 0 1 1 0 0 1 1 1 1 0 0 0 0 0 1 1 0 1 0 1 1 0 0 1 0 1 1 1 1 0 1 0 0 0 0 1 1 1 1 1 0 1 0 1 0 0 1 1 1 0 0 0 1 1 1 0 0 0 1 1 1 1 0 0 0 1 1 1 1 0 1 0 0 1 1 1 0 1 1 1 1 1 0 1 0 1 1 0 1 0 1 1 0 1 1 0 0 0 0 1 1 1 0 1 1 1 1 1 1 1 0 0 0 0 1 1 0 1 1 1 0 1 0 0 0 1 1 0 0 0 1 0 0 1 0 0 1 0 0 0 1 1 1 1 1 0 1 0 1 0 1 1 1 0 1 0 1 1 1 0 1 0 0 1 0 0 0 1 0 1 1 0 1 0 0 1 1 0 0 1 0 0 0 1 1 0 0 0 0 0 0 1 0 0 0 0 1 1 0 1 1 0 0 1 0 0 0 0 1 0 0 0 1 1 0 0 0 1 1 0 0 1 1 0 1 0 0 1 0 1 1 0 0 0 0 0 0 0 0 1 0 1 1 1 0 1 1 1 0 0 1 0 1 0 0 0 1 0 1 1 0 1 0 
31 10 1 1 1 1 0 1 0 0 1 0 0 0 0 1 0 1 1 1 0 1 0 0 1 1 1 0 0 1 0 0 0 0 0 0 0 0 1 0 1 0 0 1 0 1 0 0 0 0 0 1 0 0 0 1 1 0 1 1 1 0 1 1 0 1 1 0 0 1 0 0 0 1 0 0 1 1 1 1 0 1 0 1 0 1 0 1 0 1 0 0 0 0 0 0 0 0 0 1 0 1 1 1 1 0 0 1 1 1 0 1 1 0 0 0 0 1 0 1 0 1 1 0 1 0 0 0 0 0 0 1 1 0 0 1 1 0 1 0 0 0 1 1 0 0 0 1 0 0 0 1 0 0 1 1 0 1 1 0 1 0 1 0 0 1 0 0 1 1 0 0 1 1 1 1 0 0 1 1 1 0 0 1 1 1 1 1 0 1 1 1 0 1 0 1 1 1 0 1 1 1 0 1 0 1 0 0 1 0 0 1 0 0 1 1 0 0 0 0 1 1 1 0 1 0 0 0 0 0 1 1 0 1 0 1 0 1 1 0 1 1 0 1 0 1 0 1 0 1 0 0 1 0 1 0 1 0 0 1 1 0 1 1 0 1 0 1 1 0 1 0 1 0 1 0 1 1 0 0 0 1 0 1 1 0 0 0 0 1 1 0 1 1 0 0 0 0 1 0 1 1 1 1 1 0 0 0 1 0 1 1 0 0 1 1 
32 7 1 0 1 1 1 1 0 1 0 1 1 1 1 0 0 1 1 1 0 1 0 0 1 1 0 1 0 0 1 1 0 0 1 1 0 1 1 1 1 1 1 1 0 1 1 1 1 1 0 1 0 1 0 1 1 1 1 0 0 1 0 0 1 1 1 0 1 0 0 1 1 0 1 0 0 0 1 0 1 0 1 1 1 0 1 1 1 0 1 1 0 0 1 1 0 1 0 1 1 1 1 0 0 1 1 0 0 1 0 0 1 1 0 1 0 1 0 0 0 0 1 0 1 1 0 0 1 0 0 1 0 1 0 0 1 0 0 0 1 1 0 0 0 1 1 0 1 1 0 0 0 1 1 1 0 0 1 1 1 1 0 0 1 1 0 1 1 1 0 1 1 0 1 1 0 0 0 0 0 0 0 0 0 0 1 0 1 0 1 0 1 0 1 0 1 0 0 0 1 0 0 1 1 1 0 1 1 0 0 1 1 1 1 0 0 1 0 1 1 0 1 0 1 0 0 1 1 0 1 1 0 0 1 0 0 1 0 0 0 1 0 0 0 0 1 0 0 0 0 1 1 0 0 1 1 1 1 1 1 1 0 0 0 1 1 0 0 0 0 0 0 0 0 0 0 0 0 1 1 1 1 1 1 1 0 1 0 0 0 0 0 0 0 0 0 0 1 0 1 1 0 1 1 0 0 0 0 1 0 0 0 1 1 0 
33 2 0 0 0 0 1 0 0 1 0 0 1 0 1 1 0 0 1 1 0 0 1 0 1 0 0 0 1 1 0 0 0 0 0 0 1 1 0 0 0 1 0 1 0 1 1 1 1 0 1 1 0 0 1 0 0 1 1 1 0 1 0 1 0 0 0 1 1 0 0 1 1 1 0 1 0 1 0 1 0 0 1 0 0 1 0 0 0 0 1 0 1 0 0 1 0 0 1 0 1 1 1 0 0 1 0 0 1 0 1 1 1 0 0 0 1 0 1 0 0 0 0 1 1 0 0 0 1 1 0 0 1 0 0 1 0 1 1 0 0 1 1 1 1 0 1 1 1 1 1 1 0 0 0 0 0 0 1 1 1 1 0 0 1 1 1 1 1 0 1 1 0 0 1 0 0 0 1 0 0 0 1 1 0 0 1 0 1 1 0 1 1 0 0 0 1 1 0 1 1 0 0 0 0 0 0 0 1 0 0 1 0 0 1 1 1 0 0 1 1 0 1 1 0 0 1 1 0 1 0 0 1 0 0 1 0 0 0 0 0 0 1 0 1 0 1 0 1 1 1 0 1 0 0 0 0 1 1 1 1 1 1 0 0 0 1 0 0 1 1 0 0 0 0 1 0 1 1 1 0 0 0 1 1 1 0 0 0 0 1 0 1 0 1 0 1 1 0 1 1 0 1 1 0 0 0 1 0 1 1 0 0 1 0 1 
34 5 0 0 1 0 0 0 1 0 0 0 0 0 0 1 0 0 0 0 1 1 0 0 0 0 1 1 0 0 0 1 1 1 1 0 1 0 1 0 0 0 1 1 1 0 1 0 1 0 1 1 0 0 1 0 1 1 1 0 1 0 0 1 1 1 0 0 0 1 0 1 0 0 0 0 1 1 1 1 0 0 1 1 0 1 1 1 1 1 1 0 1 1 1 0 1 1 0 1 0 0 1 0 1 1 1 1 0 0 1 0 1 0 1 1 1 0 1 0 1 1 0 1 1 0 1 0 0 0 1 1 1 1 1 1 0 1 1 1 1 0 1 1 0 0 1 1 1 1 0 0 1 1 1 1 0 0 0 0 1 1 1 1 1 1 1 0 0 1 0 1 1 1 1 0 0 0 1 1 1 0 1 1 0 0 0 0 0 1 0 0 0 0 0 1 0 0 1 0 0 1 0 1 0 0 1 1 1 1 0 1 0 1 1 0 0 1 0 0 0 1 1 1 0 1 0 1 1 0 0 1 1 1 1 1 0 1 0 1 1 0 0 1 0 1 1 0 0 0 1 1 1 0 1 1 0 0 1 0 0 1 0 0 1 0 0 0 1 0 0 1 0 0 0 1 0 0 1 1 0 1 0 0 1 1 1 0 0 0 0 0 0 1 1 0 0 1 1 1 0 0 0 0 1 0 0 0 1 0 1 0 1 0 1 0 
35 2 0 0 1 1 0 0 1 1 0 1 1 1 1 1 0 1 0 0 1 1 0 0 1 0 1 0 0 1 1 0 1 1 0 1 0 1 0 1 0 0 0 1 0 1 0 1 1 1 1 1 0 1 0 1 0 0 1 0 0 1 1 1 0 1 0 0 0 0 1 1 0 1 0 1 0 1 1 1 1 1 1 1 1 1 1 0 1 1 1 0 1 0 1 1 1 0 1 0 1 1 0 0 1 1 0 1 1 1 0 0 0 1 0 1 1 1 0 0 1 0 0 1 1 0 0 0 1 0 0 0 0 0 0 1 0 1 0 0 0 0 1 0 1 0 1 1 1 0 1 0 1 1 1 0 0 0 0 0 0 0 1 0 1 1 1 0 1 1 0 1 0 0 1 1 0 1 1 0 1 0 1 0 1 0 1 1 1 0 0 1 0 0 0 1 0 1 1 0 0 0 0 0 1 1 0 0 0 1 0 1 0 1 1 1 1 1 1 1 0 0 1 0 0 0 1 1 1 1 1 0 0 0 1 0 0 1 1 0 0 1 0 0 0 1 1 1 1 0 1 1 0 0 1 1 0 1 1 0 1 1 1 1 0 0 1 0 0 1 0 1 1 1 1 1 0 1 0 0 0 0 0 1 1 1 1 0 1 0 1 1 1 0 1 1 1 1 0 1 0 1 1 1 0 1 0 0 1 0 1 0 0 0 0 1 
36 11 1 1 1 0 1 1 0 1 0 0 1 1 1 0 1 0 0 0 0 1 1 0 0 0 1 0 1 1 1 1 1 1 0 1 1 0 1 1 1 0 0 0 1 1 1 0 1 0 0 0 0 0 0 1 0 1 1 0 1 0 0 0 1 1 1 0 0 0 0 1 1 0 0 1 0 0 1 0 1 1 0 1 1 1 0 1 1 1 0 1 1 1 0 0 0 0 1 1 0 1 1 0 0 0 0 0 0 0 0 0 1 1 1 0 0 0 0 0 1 1 1 0 0 1 0 0 0 1 1 0 1 1 0 1 0 0 0 0 1 0 0 1 0 1 0 1 0 1 0 0 1 1 1 0 0 1 1 0 1 0 0 0 0 1 0 1 0 1 1 0 1 0 1 1 1 1 0 0 1 0 1 1 1 1 1 1 1 1 1 0 0 0 1 1 1 0 1 0 0 0 1 0 0 0 0 0 0 1 1 1 1 1 1 1 0 1 1 0 1 0 0 1 1 1 0 1 1 1 0 1 1 1 1 1 1 0 0 1 0 0 0 0 1 0 1 1 1 1 0 1 0 0 0 1 0 1 1 0 1 0 0 1 0 1 0 0 1 1 0 1 0 1 0 1 1 0 0 0 1 0 1 0 0 1 0 1 1 0 0 0 0 0 1 1 1 1 1 1 0 1 1 1 0 0 1 0 1 1 1 1 0 1 0 0 
37 11 0 0 1 0 1 0 0 1 1 0 0 0 0 1 0 1 1 1 0 1 1 0 1 1 1 1 1 0 1 1 1 0 1 1 1 1 0 1 1 0 0 1 1 0 0 1 0 1 1 0 0 1 1 0 1 0 1 1 0 1 1 1 1 0 1 1 1 0 0 1 0 0 0 1 1 1 1 0 0 0 1 0 0 1 1 0 0 0 0 0 1 0 0 0 1 0 0 0 1 1 1 0 0 1 1 1 1 0 0 0 1 1 1 0 1 0 1 1 0 0 1 1 1 1 1 0 1 1 1 1 0 0 0 0 0 1 0 1 1 0 0 1 1 0 1 1 0 0 1 1 1 1 0 0 1 1 0 1 0 1 0 1 1 1 1 1 1 1 1 1 0 1 0 0 0 1 0 1 0 1 0 0 1 0 0 1 0 1 1 0 1 0 1 0 1 1 1 1 1 1 1 1 0 1 0 0 0 1 0 0 1 0 1 1 1 0 0 1 1 1 0 1 0 1 1 0 1 1 1 1 1 0 0 1 0 1 0 0 1 1 1 0 0 0 0 0 1 0 0 0 0 0 1 1 0 0 0 1 0 1 0 0 0 0 0 0 0 1 0 1 0 1 1 1 1 0 1 1 1 1 0 0 1 0 0 0 0 0 1 1 0 1 1 0 0 1 1 0 0 0 1 1 0 1 0 1 0 1 1 0 0 0 1 1 
38 10 1 1 0 0 1 1 0 1 1 0 0 0 0 0 1 1 0 1 1 1 0 0 1 0 0 1 0 1 1 0 0 1 0 0 1 1 0 0 1 1 0 0 1 0 0 0 0 1 0 0 1 1 1 1 1 0 0 0 0 0 1 1 1 1 0 1 0 1 1 0 1 1 0 0 1 1 0 1 0 1 0 1 0 1 1 0 0 0 0 1 1 1 0 1 1 0 0 1 0 1 0 0 1 0 0 0 0 1 1 1 0 1 1 1 1 1 1 1 1 1 0 0 0 0 0 1 0 1 0 1 0 0 1 1 0 0 0 0 1 1 0 1 1 0 0 1 1 1 0 0 0 0 0 1 0 1 1 1 1 1 1 1 0 0 1 0 0 0 1 0 0 1 1 0 0 1 0 0 0 0 0 1 0 0 0 0 0 1 1 1 0 1 0 0 0 1 0 1 0 1 1 0 0 0 1 0 1 1 1 1 0 1 1 0 0 1 1 0 0 1 0 1 0 1 1 0 1 0 0 1 1 0 1 1 1 0 1 1 0 1 1 0 0 0 0 0 0 1 1 1 1 0 1 0 0 1 0 0 0 0 1 0 0 0 1 0 0 0 0 0 0 0 1 0 0 0 1 0 1 0 1 1 0 1 1 0 0 1 1 1 1 1 1 0 1 0 0 0 1 1 0 0 1 0 1 1 1 0 1 0 1 1 0 0 
39 5 0 0 1 0 0 0 0 1 1 0 0 1 0 0 1 0 1 0 0 1 0 0 1 1 0 1 1 0 0 0 0 0 0 0 0 0 1 0 0 1 1 0 0 1 1 0 0 1 0 1 1 0 1 0 0 0 1 1 0 0 1 0 0 0 1 0 0 1 0 0 1 0 1 0 1 0 0 1 0 0 1 0 0 0 1 1 1 1 0 1 0 0 0 1 1 1 1 0 1 0 1 1 1 0 1 1 1 0 1 1 1 0 1 1 1 1 1 1 0 1 0 0 1 0 1 0 1 1 1 1 1 1 1 1 1 1 0 1 0 0 0 0 1 1 1 1 0 1 1 1 0 0 1 0 1 1 0 0 1 1 1 1 1 0 0 1 0 0 1 1 0 1 1 0 0 0 0 1 0 1 0 1 0 1 0 0 1 0 1 0 0 0 0 0 0 1 0 0 0 1 1 0 1 1 0 0 0 0 0 0 1 0 0 1 1 1 0 0 0 0 0 0 1 1 1 1 0 0 0 0 0 0 1 0 1 1 0 1 1 1 1 1 0 1 0 1 0 1 0 0 1 0 1 1 0 1 1 0 0 0 1 0 0 0 0 0 0 1 1 1 0 0 1 0 1 0 0 0 1 0 1 0 1 0 0 0 0 0 1 1 1 0 1 1 0 0 0 1 0 0 1 0 0 1 0 0 0 1 0 0 0 0 0 1 
40 8 0 0 0 0 1 0 0 0 0 0 0 0 0 1 1 1 1 1 0 0 1 0 1 0 1 0 1 0 1 1 0 0 1 0 1 0 0 1 1 0 1 1 1 1 1 1 1 1 1 0 1 0 0 1 0 0 1 0 0 1 0 1 1 1 0 0 0 0 0 1 1 1 0 0 1 0 1 1 0 1 0 1 0 0 1 0 0 0 0 0 1 1 0 0 0 1 1 0 0 0 1 0 1 1 0 0 0 0 0 0 0 1 0 1 1 1 1 0 1 1 1 1 1 1 1 1 1 0 1 1 0 0 0 1 0 0 0 1 1 1 1 1 0 0 1 1 1 1 0 0 1 1 1 1 1 0 1 1 1 1 0 0 1 1 1 0 0 0 0 1 1 1 0 1 0 1 1 1 0 0 1 1 0 1 1 0 0 1 0 0 1 0 0 0 1 1 0 1 1 1 0 1 1 1 1 1 1 1 1 0 1 1 0 0 1 0 0 1 1 1 0 1 0 1 1 0 0 1 0 1 1 0 0 1 0 1 0 0 1 0 0 0 1 1 1 0 0 0 0 1 1 1 0 1 1 0 0 1 0 1 0 1 0 0 0 0 0 0 1 1 0 1 1 0 0 0 1 1 1 1 1 0 1 0 1 0 0 0 0 0 1 0 1 1 1 0 0 1 1 1 0 1 1 0 0 1 0 1 1 1 1 0 0 0 
41 9 0 0 0 1 1 1 1 0 1 1 0 1 0 0 1 0 1 0 1 1 0 0 1 0 1 0 1 1 0 1 1 1 0 1 0 1 1 0 0 1 1 0 0 0 1 0 0 1 0 1 0 0 0 0 0 1 1 1 1 1 1 0 0 0 0 0 0 0 0 0 0 1 1 1 0 1 0 0 0 1 1 0 0 0 0 1 0 0 1 1 1 0 0 1 1 1 1 1 1 0 0 1 1 0 1 0 1 1 0 0 1 0 0 0 1 0 1 0 0 0 1 0 1 0 1 1 0 1 0 0 0 1 0 0 0 1 0 1 1 0 0 1 1 1 1 1 1 1 0 0 1 1 1 1 1 0 1 1 0 1 1 1 1 0 1 1 0 0 1 1 0 1 1 1 1 0 0 1 1 1 0 1 0 0 0 1 0 1 1 1 1 0 1 1 0 0 1 1 1 1 1 1 1 1 0 1 0 0 0 1 0 1 0 1 0 1 1 1 0 0 1 1 0 0 1 1 1 1 0 1 1 1 1 0 1 1 0 0 0 0 0 0 1 0 1 0 1 0 0 0 1 1 1 1 1 1 0 0 0 0 0 0 1 0 1 1 1 1 0 1 1 1 0 1 0 0 1 1 1 1 0 1 0 1 1 0 1 0 0 1 1 0 1 1 0 1 1 1 1 0 1 1 1 0 1 1 0 0 1 1 0 0 0 1 
42 11 0 1 1 1 0 1 1 1 0 1 0 0 0 1 1 0 1 1 0 0 1 0 0 1 0 1 0 1 0 0 0 0 1 1 0 0 0 1 1 0 1 1 0 0 0 1 1 0 1 0 0 0 1 0 0 0 1 0 1 0 0 1 0 1 0 1 1 0 0 0 1 1 1 1 1 1 1 0 1 1 0 1 0 0 0 0 0 1 0 1 1 0 1 0 0 0 1 0 1 1 1 1 0 0 0 1 0 0 1 0 0 1 0 0 1 1 1 0 1 1 1 0 1 1 0 0 0 1 1 1 1 0 0 1 0 0 1 1 1 1 0 1 1 0 0 1 0 0 1 1 1 1 0 1 0 1 1 1 0 1 0 1 1 0 0 1 0 1 1 1 1 1 0 1 0 1 0 1 1 1 0 1 0 0 1 0 0 1 1 1 1 1 0 0 0 1 0 0 1 1 0 0 1 1 1 1 1 1 1 1 0 0 1 1 0 1 0 0 1 1 1 0 1 1 0 1 0 0 1 0 0 1 0 1 0 1 0 1 0 1 1 0 0 1 1 0 0 1 0 1 1 0 0 0 1 0 1 0 1 1 0 1 1 0 0 0 1 0 1 1 1 0 0 0 0 0 0 0 0 1 0 1 1 1 1 1 1 0 0 0 1 0 0 1 1 1 0 0 0 1 0 0 0 1 1 0 0 1 0 1 1 0 0 0 
43 2 0 0 0 0 1 0 0 1 0 1 0 0 0 1 1 0 0 0 1 1 1 0 0 0 0 1 0 1 0 1 1 0 0 1 1 1 1 1 1 1 0 0 1 1 1 1 0 0 1 0 0 1 1 0 1 1 0 0 1 0 1 0 1 0 1 1 1 0 1 0 1 0 0 0 0 1 0 1 0 0 0 0 1 0 1 0 0 1 0 0 1 1 0 1 0 0 1 1 1 1 1 1 1 0 0 1 0 0 0 0 1 1 0 0 1 1 1 1 0 1 1 0 0 1 0 0 1 0 0 0 1 1 0 0 1 0 1 0 0 1 0 1 1 1 1 1 1 0 1 0 0 1 0 0 0 0 0 1 1 0 1 1 0 0 0 1 0 1 1 0 1 0 1 1 1 1 1 0 1 0 0 0 1 1 1 0 0 0 0 0 0 1 0 1 0 0 1 1 0 0 0 0 0 1 0 0 0 0 1 1 0 1 1 1 0 1 0 1 0 0 1 1 0 1 1 0 1 1 1 1 1 1 0 0 0 0 1 0 1 1 1 0 0 0 0 1 1 0 0 0 0 1 0 0 1 0 0 0 1 0 1 0 1 1 0 1 1 1 0 1 1 0 1 1 1 1 1 0 1 0 1 1 0 0 0 1 1 0 0 0 0 1 0 0 0 1 0 0 0 1 1 1 0 1 0 0 1 1 0 0 0 1 1 0 
44 4 0 0 0 0 1 0 0 0 1 0 1 0 0 1 0 0 0 0 1 1 0 0 1 0 0 1 0 1 0 1 1 0 0 1 0 0 0 0 0 1 0 1 1 1 1 1 1 0 1 1 1 1 1 1 1 0 1 1 1 1 0 1 1 0 0 0 0 1 1 1 0 1 1 1 0 1 0 0 1 0 1 0 1 0 0 0 0 1 1 1 0 1 1 1 0 1 1 1 0 1 0 0 1 0 1 0 0 0 1 1 0 0 0 1 0 0 1 0 0 0 0 0 1 1 0 1 1 0 1 1 1 1 1 1 1 1 1 0 1 0 1 0 0 0 0 1 0 1 1 1 0 0 0 1 0 0 0 1 0 1 1 1 0 1 0 1 0 1 1 1 1 0 0 1 0 1 1 1 1 0 1 0 0 0 0 1 0 1 0 0 1 0 0 0 1 0 0 1 1 1 0 1 1 0 0 0 1 1 1 1 1 0 0 0 1 1 1 1 0 1 1 0 1 0 1 1 0 0 0 0 1 1 0 0 1 0 0 1 0 0 1 1 1 1 0 1 0 0 1 1 1 0 0 0 0 0 1 1 0 1 0 1 1 1 1 0 0 0 1 0 0 0 1 1 0 0 0 1 1 0 1 0 0 0 0 1 1 1 1 1 1 0 1 0 1 0 0 1 0 0 1 1 1 0 0 0 1 1 1 1 0 0 1 1 
45 1 0 0 1 1 0 1 1 0 0 0 0 1 0 1 0 0 0 0 1 0 0 0 1 0 1 0 0 1 0 0 1 0 0 0 1 0 0 0 0 1 0 0 0 1 1 0 0 0 1 0 0 0 1 0 1 1 1 0 1 0 1 0 1 0 0 0 1 0 1 1 0 1 1 1 0 0 0 1 0 0 0 0 0 0 1 0 1 0 0 1 0 0 1 0 0 0 0 0 1 1 0 0 0 0 1 1 0 1 0 0 0 0 1 1 1 1 0 1 0 0 1 0 0 0 0 0 0 0 0 1 0 1 0 0 1 0 0 0 0 1 1 1 1 1 0 1 1 0 0 0 1 1 0 1 0 0 0 0 1 1 1 1 0 1 0 1 1 0 0 1 1 1 1 1 1 0 1 0 0 0 1 1 1 0 1 1 1 0 0 0 1 1 1 1 0 0 1 0 0 1 0 0 1 0 0 0 0 1 0 1 0 0 1 0 0 0 1 1 0 0 0 1 1 0 1 1 1 0 1 0 1 0 1 1 1 0 1 0 1 0 1 0 0 0 0 0 0 1 0 1 0 0 1 0 0 0 0 0 0 0 1 0 1 0 0 1 0 1 0 0 1 1 0 1 0 1 0 1 1 0 0 1 1 1 1 0 1 1 0 0 1 1 0 1 1 0 0 0 1 1 0 0 1 1 1 1 0 1 1 1 0 1 1 1 
46 2 1 1 0 0 1 1 1 0 0 0 1 1 1 1 1 1 1 1 1 1 1 0 1 0 1 1 0 0 0 1 1 0 1 0 1 0 1 1 1 1 0 0 1 0 0 1 0 0 1 1 1 1 1 0 1 0 1 1 0 0 0 0 1 0 1 0 1 1 1 1 0 1 0 0 1 0 0 1 0 0 0 0 1 0 0 1 1 1 1 1 1 1 0 0 0 0 1 1 0 1 0 0 0 0 0 1 1 1 1 1 0 0 0 0 0 1 1 1 1 0 1 1 1 0 1 1 1 1 1 1 1 0 1 1 1 0 1 0 0 1 1 1 1 0 1 0 0 0 1 0 0 1 0 0 1 0 1 0 0 0 1 1 0 0 0 0 0 1 0 0 0 0 1 1 0 0 1 0 0 1 0 1 1 0 1 1 1 0 0 0 1 1 1 0 0 1 0 1 0 1 1 1 1 0 0 1 1 1 1 1 0 1 1 1 1 0 0 1 0 1 0 0 1 0 1 0 1 1 1 0 1 0 1 0 1 0 0 0 1 0 0 0 1 0 0 1 1 0 0 0 0 1 0 0 0 1 0 1 1 1 1 1 1 1 0 0 0 1 1 0 1 0 0 0 1 1 1 1 0 0 0 0 1 1 1 1 0 0 0 0 0 1 0 1 0 1 0 1 0 1 1 1 0 0 0 1 1 1 1 0 1 1 0 1 
47 1 0 1 1 0 1 1 1 1 0 0 1 0 1 1 0 0 0 0 1 0 0 0 0 1 0 1 1 0 0 0 1 1 0 0 0 1 1 1 0 0 1 0 1 0 1 1 1 0 0 0 0 1 1 0 0 1 0 0 1 1 0 0 1 1 1 0 1 0 0 1 0 1 1 1 1 1 0 1 0 1 1 1 1 0 1 1 1 1 1 1 0 0 1 0 0 1 1 0 0 1 0 1 0 1 1 1 0 1 1 0 1 1 0 1 1 0 0 1 1 0 1 1 1 1 0 0 0 1 0 1 0 1 1 1 1 1 0 0 0 1 1 0 0 0 1 0 0 1 0 0 0 1 1 1 1 0 0 1 0 1 1 1 0 0 0 1 0 1 0 1 1 1 1 0 0 0 1 1 1 0 1 0 0 1 0 0 1 0 1 1 0 1 0 1 0 1 1 0 1 0 0 0 0 0 0 1 1 1 0 0 1 1 0 0 1 1 0 1 0 1 1 0 1 0 1 1 1 0 1 1 1 1 1 1 1 0 1 1 0 0 0 0 0 0 0 1 1 0 1 0 0 1 0 1 0 1 0 1 0 1 1 0 0 0 0 0 1 1 0 0 1 0 0 0 0 1 1 0 0 1 1 0 0 0 0 1 1 1 1 0 0 1 1 0 0 1 1 1 1 1 1 0 0 1 1 1 1 0 0 0 1 0 0 0 
48 11 0 1 1 1 0 1 1 1 1 1 1 0 0 0 1 0 0 1 0 0 1 0 0 0 0 0 0 1 1 1 0 1 1 1 1 1 0 1 0 0 0 1 1 0 0 0 0 0 1 1 0 1 1 0 1 1 1 1 0 0 1 1 1 1 0 0 1 1 1 0 1 0 1 0 0 1 0 0 0 0 0 1 1 0 1 1 0 1 0 0 0 1 1 1 1 0 1 1 0 1 1 1 0 1 0 0 1 1 0 0 1 0 1 1 0 0 1 1 0 1 0 1 0 0 1 0 1 0 1 0 1 1 1 0 1 1 0 1 0 1 0 1 0 0 0 1 1 1 1 0 1 1 0 1 1 1 1 1 1 0 1 1 1 1 0 0 1 0 0 0 0 1 0 0 0 0 0 1 1 0 0 0 1 0 0 1 0 1 0 0 0 0 0 1 0 1 0 0 0 0 1 0 1 0 1 1 1 1 0 0 1 1 1 0 0 0 1 0 0 1 0 0 0 0 0 0 1 0 0 1 1 0 1 0 1 0 0 0 0 1 1 0 0 1 1 1 0 0 1 1 0 1 0 1 1 1 0 0 1 0 1 1 1 1 0 1 1 0 1 0 0 0 1 1 1 0 0 0 0 0 1 0 0 0 1 0 1 0 0 1 0 1 0 1 1 1 0 1 1 1 1 1 1 0 1 1 0 1 0 1 0 0 0 1 
49 1 0 1 1 0 0 0 1 1 1 0 1 1 1 0 0 0 1 0 1 0 0 0 0 0 0 1 0 1 1 1 1 1 1 1 0 1 1 0 0 1 1 1 1 0 0 1 1 1 1 0 1 1 0 1 1 0 1 1 1 0 1 0 0 0 0 1 1 0 0 0 0 0 1 0 0 1 0 0 1 1 1 1 1 0 1 1 0 0 1 1 0 1 1 1 0 0 0 0 1 0 1 0 1 0 1 0 1 1 1 0 1 1 0 1 1 1 1 1 1 1 0 1 1 0 1 1 0 1 1 0 0 1 0 0 1 1 0 1 1 1 1 0 0 1 1 1 0 0 1 0 1 0 1 0 0 0 1 0 0 1 0 0 1 0 0 0 1 1 1 0 1 1 1 1 0 0 1 0 0 1 0 0 1 0 0 0 1 1 0 1 1 1 0 1 0 1 0 1 0 0 1 1 1 1 0 1 1 1 0 1 0 0 1 1 0 1 1 1 1 1 1 1 1 1 1 1 0 1 1 1 1 0 1 0 1 0 1 0 0 0 0 1 0 1 0 1 0 1 0 1 0 0 0 0 0 0 0 1 0 0 0 0 1 1 0 0 1 1 0 1 1 1 1 1 1 0 0 1 1 1 1 1 0 1 1 1 1 1 0 0 0 0 1 0 0 0 1 0 0 1 1 0 1 0 1 1 0 0 0 1 1 1 1 1 
50 4 0 1 0 0 0 0 0 1 1 0 0 1 1 0 0 1 1 0 1 1 1 0 0 1 1 1 0 0 1 1 1 0 0 0 0 1 0 1 0 0 1 1 0 1 1 0 0 0 1 0 0 1 1 1 1 1 0 1 1 1 0 1 0 1 0 0 0 0 0 0 1 0 1 1 1 1 0 0 0 1 1 0 0 0 1 0 0 0 1 0 0 1 0 0 0 0 1 1 1 0 0 0 1 1 1 0 0 1 0 0 1 0 1 1 1 0 1 0 1 1 1 0 0 1 0 0 1 0 0 0 1 1 1 1 0 0 1 0 1 1 0 0 0 1 0 1 1 1 1 0 0 1 1 1 0 1 0 0 0 1 1 0 0 0 0 1 1 0 1 1 1 1 0 1 1 0 1 1 1 0 0 1 0 0 1 0 0 1 1 0 1 0 1 0 1 0 0 1 0 1 0 1 0 1 0 1 1 0 1 1 1 1 0 0 1 1 1 0 0 1 1 0 1 0 0 0 0 0 0 1 1 0 1 0 1 0 0 1 1 1 1 0 0 0 0 1 1 0 1 1 0 0 1 1 0 0 0 1 1 0 1 0 1 0 0 1 0 1 1 1 0 0 1 1 1 1 1 0 1 0 1 1 1 1 0 1 1 0 0 1 1 1 0 0 1 0 1 0 0 1 0 0 1 1 0 1 1 0 1 1 0 0 1 1 
