20 9 28 2 1
1 1 1 1 1 0 0 0 0 1 1 1 0 0 0 0 0 0 0 1 0 0 1 0 0 0 1 0 0 1
2 1 0 0 0 1 0 0 1 0 0 0 1 0 0 1 1 0 0 0 1 1 0 1 0 0 0 1 1 0
3 1 1 0 0 0 1 1 0 1 0 0 0 1 1 0 0 1 0 1 0 0 1 0 1 0 1 0 0 1
4 2 0 1 0 1 0 0 1 0 1 0 1 0 0 1 0 0 0 0 1 1 0 0 0 0 0 1 1 0
5 2 0 0 0 0 1 1 0 0 0 0 0 1 1 0 1 1 1 0 0 0 0 1 1 1 0 0 0 0
6 3 1 1 1 0 0 0 0 1 1 1 0 0 0 0 0 0 0 1 0 0 1 0 0 0 1 0 0 1
7 3 0 0 0 1 0 0 1 0 0 0 1 0 0 1 1 0 0 0 1 1 0 1 0 0 0 1 1 0
8 4 1 0 0 0 1 1 0 1 0 0 0 1 1 0 0 1 0 1 0 0 1 0 1 0 1 0 0 1
9 4 0 1 0 1 0 0 1 0 1 0 1 0 0 1 0 0 0 0 1 1 0 0 0 0 0 1 1 0
10 4 0 0 0 0 1 1 0 0 0 0 0 1 1 0 1 1 1 0 0 0 0 1 1 1 0 0 0 0
11 5 1 1 1 0 0 0 0 1 1 1 0 0 0 0 0 0 0 1 0 0 1 0 0 0 1 0 0 1
12 9 0 0 0 1 0 0 1 0 0 0 1 0 0 1 1 0 0 0 1 1 0 1 0 0 0 1 1 0
13 9 1 0 0 0 1 1 0 1 0 0 0 1 1 0 0 1 0 1 0 0 1 0 1 0 1 0 0 1
14 5 0 1 0 1 0 0 1 0 1 0 1 0 0 1 0 0 0 0 1 1 0 0 0 0 0 1 1 0
15 6 0 0 0 0 1 1 0 0 0 0 0 1 1 0 1 1 1 0 0 0 0 1 1 1 0 0 0 0
16 7 1 1 1 0 0 0 0 1 1 1 0 0 0 0 0 0 0 1 0 0 1 0 0 0 1 0 0 1
17 7 0 0 0 1 0 0 1 0 0 0 1 0 0 1 1 0 0 0 1 1 0 1 0 0 0 1 1 0
18 7 1 0 0 0 1 1 0 1 0 0 0 1 1 0 0 1 0 1 0 0 1 0 1 0 1 0 0 1
19 8 0 1 0 1 0 0 1 0 1 0 1 0 0 1 0 0 0 0 1 1 0 0 0 0 0 1 1 0
20 5 0 0 0 0 1 1 0 0 0 0 0 1 1 0 1 1 1 0 0 0 0 1 1 1 0 0 0 0